sysbench 1.1.0-50966c8 (using bundled LuaJIT 2.1.0-beta3)

Running the test with following options:
Number of threads: 1
Report intermediate results every 1 second(s)
Initializing random number generator from current time


Initializing worker threads...

Threads started!

1,1,1.00,24.94,10.98,8.98,4.99,977.74,0.00,0.00
sysbench 1.1.0-50966c8 (using bundled LuaJIT 2.1.0-beta3)

Running the test with following options:
Number of threads: 1
Report intermediate results every 1 second(s)
Initializing random number generator from current time


Initializing worker threads...

Threads started!

1,1,28.94,1002.85,450.03,491.94,60.87,63.32,1.00,0.00
2,1,38.02,1205.57,552.26,577.27,76.04,31.94,0.00,0.00
3,1,41.00,1128.00,501.00,545.00,82.00,53.85,0.00,0.00
4,1,40.00,1203.01,561.00,562.00,80.00,39.65,0.00,0.00
5,1,44.00,1443.00,653.00,702.00,88.00,50.11,0.00,0.00
6,1,44.00,1213.00,551.00,574.00,88.00,41.10,0.00,0.00
7,1,42.00,1254.99,579.99,590.99,84.00,41.85,0.00,0.00
8,1,50.00,1505.01,703.01,702.01,100.00,33.72,0.00,0.00
9,1,49.00,1234.99,558.99,578.99,97.00,40.37,0.00,0.00
10,1,44.00,1348.01,607.00,652.00,89.00,57.87,0.00,0.00
11,1,46.00,1507.99,686.00,731.00,91.00,59.99,2.00,0.00
12,1,52.00,1522.99,703.99,713.99,105.00,39.65,0.00,0.00
13,1,59.00,1547.01,706.01,723.01,118.00,42.61,0.00,0.00
14,1,61.00,1694.02,779.01,793.01,122.00,45.79,0.00,0.00
15,1,68.00,1768.97,799.99,832.99,136.00,40.37,0.00,0.00
16,1,61.00,1600.02,730.01,748.01,122.00,51.94,0.00,0.00
17,1,56.00,1843.97,839.99,891.98,112.00,56.84,0.00,0.00
18,1,60.00,1917.02,882.01,915.01,120.00,38.25,0.00,0.00
19,1,72.00,1730.01,792.00,794.00,144.00,38.25,0.00,0.00
20,1,68.00,1900.01,870.01,894.01,136.00,37.56,1.00,0.00
21,1,59.00,1774.99,807.00,850.00,118.00,59.99,0.00,0.00
22,1,71.00,1822.99,823.99,856.99,142.00,38.94,0.00,0.00
23,1,69.00,2197.99,1010.00,1050.00,138.00,37.56,0.00,0.00
24,1,66.00,1911.00,874.00,905.00,132.00,47.47,0.00,0.00
25,1,74.00,2180.02,985.01,1047.01,148.00,42.61,0.00,0.00
26,1,66.00,1787.01,812.01,843.01,132.00,41.10,1.00,0.00
27,1,75.00,2383.94,1087.97,1145.97,150.00,25.28,0.00,0.00
28,1,32.99,822.66,376.84,380.84,64.97,36.89,0.00,0.00
29,1,1.00,39.02,18.01,19.01,2.00,1013.60,0.00,0.00
30,1,2.00,54.00,25.00,25.00,4.00,995.51,0.00,0.00
31,1,2.00,86.00,40.00,42.00,4.00,977.74,0.00,0.00
32,1,3.00,79.00,35.00,38.00,6.00,977.74,0.00,0.00
33,1,3.00,97.00,45.00,46.00,6.00,995.51,0.00,0.00
34,1,3.00,88.00,41.00,41.00,6.00,977.74,0.00,0.00
35,1,4.00,67.00,30.00,29.00,8.00,960.30,0.00,0.00
36,1,2.00,39.00,18.00,17.00,4.00,977.74,0.00,0.00
37,1,5.00,153.00,70.00,73.00,10.00,943.16,0.00,0.00
38,1,6.00,133.00,61.00,60.00,12.00,943.16,0.00,0.00
39,1,6.00,57.00,25.00,20.00,12.00,943.16,0.00,0.00
40,1,9.00,200.00,93.00,89.00,18.00,926.33,0.00,0.00
41,1,9.00,233.00,109.00,106.00,18.00,926.33,0.00,0.00
42,1,5.00,224.00,101.00,113.00,10.00,943.16,0.00,0.00
43,1,11.00,169.00,79.00,68.00,22.00,41.10,0.00,0.00
44,1,6.00,251.00,118.00,121.00,12.00,926.33,0.00,0.00
45,1,10.00,205.00,90.00,95.00,20.00,926.33,0.00,0.00
46,1,10.00,244.00,116.00,108.00,20.00,877.61,0.00,0.00
47,1,11.00,253.00,111.00,120.00,22.00,62.19,0.00,0.00
48,1,11.00,392.00,179.00,191.00,22.00,58.92,0.00,0.00
49,1,16.00,510.00,230.00,248.00,32.00,56.84,0.00,0.00
50,1,20.00,385.00,171.00,174.00,40.00,44.17,0.00,0.00
51,1,19.00,550.00,248.00,264.00,38.00,51.94,1.00,0.00
52,1,28.00,800.00,368.00,376.00,56.00,26.68,0.00,0.00
53,1,20.00,700.00,317.00,343.00,40.00,51.94,0.00,0.00
54,1,29.00,673.01,306.00,309.00,58.00,54.83,0.00,0.00
55,1,30.00,854.98,395.99,398.99,60.00,57.87,0.00,0.00
56,1,27.00,762.01,353.01,355.01,54.00,43.39,0.00,0.00
57,1,32.00,882.00,404.00,414.00,64.00,19.65,0.00,0.00
58,1,25.00,791.00,366.00,375.00,50.00,55.82,0.00,0.00
59,1,30.00,886.00,403.00,423.00,60.00,55.82,1.00,0.00
60,1,27.00,708.00,317.00,337.00,54.00,55.82,1.00,0.00
61,1,30.00,874.99,401.00,414.00,60.00,57.87,0.00,0.00
62,1,36.00,911.00,412.00,427.00,72.00,29.19,0.00,0.00
63,1,23.00,828.01,385.00,397.00,46.00,61.08,1.00,0.00
64,1,41.00,1104.99,504.00,519.00,82.00,23.10,0.00,0.00
65,1,38.00,910.00,417.00,417.00,76.00,25.74,0.00,0.00
66,1,37.00,1093.00,492.00,527.00,74.00,54.83,0.00,0.00
67,1,37.00,908.99,407.99,426.99,74.00,48.34,0.00,0.00
68,1,34.00,1148.01,535.00,545.01,68.00,36.24,0.00,0.00
69,1,35.00,1229.00,563.00,596.00,70.00,44.17,0.00,0.00
70,1,46.00,1235.00,569.00,574.00,92.00,28.16,0.00,0.00
71,1,38.00,1038.01,480.00,482.00,76.00,41.85,0.00,0.00
72,1,38.00,1125.97,520.99,528.99,76.00,39.65,1.00,0.00
73,1,43.00,1105.01,509.01,510.01,86.00,38.25,2.00,0.00
74,1,37.00,1214.01,550.00,590.00,74.00,50.11,1.00,0.00
75,1,40.00,1316.98,609.99,626.99,80.00,31.94,1.00,0.00
76,1,35.00,1108.99,505.00,534.00,70.00,51.94,1.00,0.00
77,1,45.00,1211.01,553.00,568.00,90.00,38.94,0.00,0.00
78,1,45.00,1223.02,559.01,574.01,90.00,38.94,0.00,0.00
79,1,35.00,1091.01,500.00,521.00,70.00,43.39,0.00,0.00
80,1,45.00,1318.00,605.00,622.00,91.00,38.94,0.00,0.00
81,1,47.00,1369.00,621.00,654.00,94.00,46.63,0.00,0.00
82,1,50.00,1304.98,595.99,608.99,100.00,44.98,1.00,0.00
83,1,46.00,1184.00,539.00,553.00,92.00,46.63,1.00,0.00
84,1,54.00,1658.02,752.01,798.01,108.00,36.89,0.00,0.00
85,1,61.00,1945.99,894.99,928.99,122.00,25.74,0.00,0.00
86,1,54.00,1596.98,724.99,763.99,108.00,27.17,1.00,0.00
87,1,55.00,1491.03,675.01,706.01,110.00,38.25,0.00,0.00
88,1,53.00,1657.01,750.00,801.00,106.00,54.83,0.00,0.00
89,1,47.00,1592.00,727.00,771.00,94.00,58.92,0.00,0.00
90,1,54.00,1628.00,740.00,780.00,108.00,43.39,0.00,0.00
91,1,53.00,1568.99,708.00,755.00,106.00,41.85,1.00,0.00
92,1,58.00,2016.01,894.00,1007.01,115.00,44.98,0.00,0.00
93,1,52.00,1672.00,749.00,818.00,105.00,51.94,0.00,0.00
94,1,55.00,1684.00,772.00,802.00,110.00,51.02,0.00,0.00
95,1,67.00,1825.98,846.99,844.99,134.00,26.68,0.00,0.00
96,1,70.00,1856.99,846.99,869.99,140.00,25.74,1.00,0.00
97,1,53.00,1755.99,803.00,847.00,106.00,40.37,0.00,0.00
98,1,65.00,1866.03,851.01,885.01,130.00,29.72,0.00,0.00
99,1,67.00,1806.00,820.00,852.00,134.00,40.37,0.00,0.00
100,1,66.00,1863.01,843.00,888.00,132.00,51.94,0.00,0.00
101,1,70.00,2196.00,1007.00,1049.00,140.00,23.95,0.00,0.00
102,1,64.00,1880.98,843.99,908.99,128.00,49.21,0.00,0.00
103,1,95.00,2106.01,959.01,957.01,190.00,20.74,1.00,0.00
104,1,92.00,2285.01,1060.00,1041.00,184.00,21.89,1.00,0.00
105,1,72.00,1835.97,839.99,851.99,144.00,41.85,0.00,0.00
106,1,70.00,1967.04,900.02,927.02,140.00,41.10,0.00,0.00
107,1,75.00,2330.96,1082.98,1097.98,150.00,28.16,0.00,0.00
108,1,73.00,1981.03,910.01,925.01,146.00,40.37,0.00,0.00
109,1,25.00,794.00,356.00,389.00,49.00,56.84,1.00,0.00
110,1,1.00,55.00,26.00,27.00,2.00,1013.60,0.00,0.00
111,1,2.00,74.00,34.00,36.00,4.00,995.51,0.00,0.00
112,1,2.00,98.00,46.00,48.00,4.00,977.74,0.00,0.00
113,1,4.00,120.00,54.00,58.00,8.00,977.74,0.00,0.00
114,1,2.00,51.00,24.00,23.00,4.00,977.74,0.00,0.00
115,1,3.00,173.00,82.00,85.00,6.00,960.30,0.00,0.00
116,1,4.00,189.00,84.00,97.00,8.00,960.30,0.00,0.00
117,1,3.00,87.00,37.00,44.00,6.00,943.16,0.00,0.00
118,1,6.00,205.00,95.00,98.00,12.00,943.16,1.00,0.00
119,1,9.00,249.00,112.00,119.00,18.00,926.33,0.00,0.00
120,1,11.00,201.00,89.00,90.00,22.00,20.37,0.00,0.00
121,1,9.00,231.00,105.00,108.00,18.00,909.80,0.00,0.00
122,1,14.00,298.00,129.00,141.00,28.00,55.82,0.00,0.00
123,1,10.00,235.00,109.00,106.00,20.00,861.95,0.00,0.00
124,1,8.00,361.99,166.00,180.00,16.00,861.95,0.00,0.00
125,1,10.00,386.00,172.00,194.00,20.00,861.95,0.00,0.00
126,1,11.00,484.01,223.00,239.00,22.00,58.92,0.00,0.00
127,1,15.99,565.80,259.91,273.90,31.99,21.89,0.00,0.00
128,1,19.01,521.17,225.08,258.09,38.01,53.85,0.00,0.00
129,1,16.00,563.01,259.00,272.00,32.00,41.10,0.00,0.00
130,1,18.00,559.00,260.00,263.00,36.00,41.10,0.00,0.00
131,1,21.00,623.00,284.00,297.00,42.00,23.52,0.00,0.00
132,1,17.00,556.00,254.00,268.00,34.00,38.94,0.00,0.00
133,1,19.00,639.99,293.00,308.99,38.00,29.19,0.00,0.00
134,1,22.00,583.01,263.00,276.00,44.00,41.10,0.00,0.00
135,1,18.00,633.00,291.00,306.00,36.00,53.85,0.00,0.00
136,1,21.00,861.00,390.00,429.00,42.00,54.83,0.00,0.00
137,1,26.00,683.00,315.00,316.00,52.00,40.37,0.00,0.00
138,1,28.00,616.00,274.00,286.00,56.00,47.47,0.00,0.00
139,1,27.00,704.01,322.00,328.00,54.00,44.17,0.00,0.00
140,1,30.00,830.00,376.00,394.00,60.00,55.82,0.00,0.00
141,1,23.00,719.00,324.00,349.00,46.00,56.84,0.00,0.00
142,1,35.00,1081.98,495.99,515.99,70.00,23.10,0.00,0.00
143,1,27.00,895.02,405.01,436.01,54.00,56.84,0.00,0.00
144,1,30.00,996.98,452.99,483.99,60.00,54.83,0.00,0.00
145,1,32.00,1036.00,483.00,489.00,64.00,26.68,0.00,0.00
146,1,33.00,814.01,375.01,373.01,66.00,23.52,0.00,0.00
147,1,37.00,993.00,457.00,462.00,74.00,39.65,0.00,0.00
148,1,27.00,877.99,390.00,434.00,54.00,56.84,0.00,0.00
149,1,35.00,723.00,322.00,331.00,70.00,38.94,0.00,0.00
150,1,34.00,1083.00,496.00,519.00,68.00,41.85,1.00,0.00
151,1,35.00,1124.00,502.00,552.00,70.00,50.11,0.00,0.00
152,1,36.00,1212.01,543.00,597.00,72.00,23.95,0.00,0.00
153,1,39.00,1074.99,489.00,508.00,78.00,39.65,1.00,0.00
154,1,32.00,971.01,439.00,468.00,64.00,51.02,0.00,0.00
155,1,44.00,1308.98,599.99,620.99,88.00,25.28,2.00,0.00
156,1,46.00,955.02,430.01,433.01,92.00,36.89,0.00,0.00
157,1,40.00,1259.97,573.99,605.99,80.00,38.25,0.00,0.00
158,1,43.00,1224.01,559.00,579.01,86.00,26.20,1.00,0.00
159,1,41.00,1298.01,598.00,618.00,82.00,32.53,0.00,0.00
160,1,35.00,1181.01,542.00,569.00,70.00,51.94,0.00,0.00
161,1,42.00,1195.99,552.99,558.99,84.00,38.25,0.00,0.00
162,1,41.00,1232.01,567.00,583.00,82.00,41.10,0.00,0.00
163,1,52.00,1395.97,641.99,649.99,104.00,22.28,0.00,0.00
164,1,53.00,1522.02,696.01,720.01,106.00,23.52,0.00,0.00
165,1,49.00,1357.99,625.99,633.99,98.00,36.24,1.00,0.00
166,1,52.00,1495.01,685.00,706.00,104.00,22.69,0.00,0.00
167,1,52.00,1276.02,567.01,605.01,104.00,38.25,0.00,0.00
168,1,38.00,1272.00,578.00,618.00,76.00,47.47,0.00,0.00
169,1,48.00,1355.00,617.00,642.00,96.00,45.79,0.00,0.00
170,1,60.00,1749.00,798.00,831.00,120.00,21.50,0.00,0.00
171,1,50.00,1364.00,616.00,648.00,100.00,40.37,0.00,0.00
172,1,56.00,1708.97,773.99,821.99,113.00,25.28,1.00,0.00
173,1,60.00,1686.02,769.01,797.01,120.00,37.56,0.00,0.00
174,1,64.00,1672.00,759.00,785.00,128.00,36.89,0.00,0.00
175,1,57.00,1546.01,709.00,723.00,114.00,37.56,0.00,0.00
176,1,68.00,1883.97,864.99,882.99,136.00,20.37,0.00,0.00
177,1,57.00,1767.03,802.02,851.02,114.00,49.21,0.00,0.00
178,1,63.00,1750.00,801.00,823.00,126.00,36.89,0.00,0.00
179,1,64.00,1817.99,830.00,860.00,128.00,38.94,0.00,0.00
180,1,65.00,1662.01,758.00,775.00,129.00,41.10,1.00,0.00
181,1,70.00,1681.00,763.00,777.00,141.00,43.39,1.00,0.00
182,1,53.00,1604.98,730.99,767.99,106.00,41.85,0.00,0.00
183,1,48.00,1603.02,737.01,770.01,96.00,43.39,0.00,0.00
184,1,74.00,2110.99,965.00,998.00,148.00,40.37,0.00,0.00
185,1,73.00,2048.00,924.00,978.00,146.00,39.65,0.00,0.00
186,1,85.00,2053.01,947.00,936.00,170.00,36.24,0.00,0.00
187,1,72.00,2285.00,1047.00,1094.00,144.00,38.94,0.00,0.00
188,1,96.00,2571.00,1173.00,1206.00,192.00,18.61,0.00,0.00
189,1,76.00,2161.99,979.00,1031.00,152.00,21.89,0.00,0.00
190,1,80.00,2235.01,1006.01,1069.01,160.00,44.98,1.00,0.00
191,1,83.00,2086.99,950.00,971.00,166.00,28.16,0.00,0.00
192,1,70.00,1941.97,871.99,929.99,140.00,44.17,0.00,0.00
193,1,82.00,2467.97,1119.99,1183.98,164.00,41.10,1.00,0.00
194,1,90.00,2538.06,1152.03,1206.03,180.00,31.37,0.00,0.00
195,1,80.00,2117.98,948.99,1008.99,160.00,36.24,0.00,0.00
196,1,75.00,1996.02,893.01,953.01,150.00,41.10,0.00,0.00
197,1,94.00,2665.97,1210.99,1266.99,188.00,33.72,1.00,0.00
198,1,83.00,1986.02,906.01,914.01,166.00,38.94,0.00,0.00
199,1,95.00,2461.94,1128.97,1142.97,190.00,22.28,2.00,0.00
200,1,106.00,2719.07,1238.03,1269.03,212.01,21.11,0.00,0.00
201,1,95.00,2417.98,1096.99,1130.99,190.00,35.59,0.00,0.00
202,1,107.96,2803.94,1279.52,1308.51,215.92,33.72,0.00,0.00
203,1,96.04,2629.01,1208.46,1228.47,192.07,30.81,0.00,0.00
204,1,80.00,2466.96,1134.98,1171.98,160.00,35.59,1.00,0.00
205,1,99.00,3026.01,1376.00,1452.00,198.00,23.52,0.00,0.00
206,1,105.00,2746.02,1246.01,1290.01,210.00,36.89,1.00,0.00
207,1,89.00,2609.01,1197.00,1234.00,178.00,34.95,0.00,0.00
208,1,107.00,2893.01,1327.00,1352.00,214.00,27.66,0.00,0.00
209,1,85.00,2525.98,1125.99,1229.99,170.00,39.65,0.00,0.00
210,1,40.00,1408.00,653.00,676.00,79.00,17.95,0.00,0.00
211,1,1.00,47.00,22.00,23.00,2.00,1013.60,0.00,0.00
212,1,3.00,34.00,16.00,12.00,6.00,977.74,0.00,0.00
213,1,3.00,75.00,34.00,35.00,6.00,995.51,0.00,0.00
214,1,5.00,86.00,39.00,37.00,10.00,977.74,0.00,0.00
215,1,5.00,114.00,52.00,52.00,10.00,977.74,0.00,0.00
216,1,8.00,164.00,71.00,77.00,16.00,960.30,0.00,0.00
217,1,8.00,193.00,92.00,85.00,16.00,926.33,1.00,0.00
218,1,10.00,157.00,71.00,66.00,20.00,926.33,0.00,0.00
219,1,8.00,245.00,110.00,119.00,16.00,943.16,0.00,0.00
220,1,8.00,259.00,120.00,123.00,16.00,926.33,0.00,0.00
221,1,14.00,355.00,165.00,162.00,28.00,52.89,0.00,0.00
222,1,17.00,470.00,220.00,216.00,34.00,20.74,0.00,0.00
223,1,16.00,487.99,216.00,240.00,32.00,40.37,1.00,0.00
224,1,14.00,588.01,271.00,289.00,28.00,26.68,0.00,0.00
225,1,15.00,419.99,192.00,198.00,30.00,38.25,0.00,0.00
226,1,14.00,370.01,169.00,173.00,28.00,38.25,0.00,0.00
227,1,13.00,420.00,184.00,210.00,26.00,49.21,0.00,0.00
228,1,18.00,409.00,186.00,187.00,36.00,51.02,0.00,0.00
229,1,27.00,591.00,263.00,274.00,54.00,41.85,0.00,0.00
230,1,22.00,581.00,260.00,277.00,44.00,44.17,0.00,0.00
231,1,26.00,630.00,282.00,296.00,52.00,38.25,0.00,0.00
232,1,17.00,609.00,280.00,295.00,34.00,34.95,0.00,0.00
233,1,17.00,718.99,332.99,351.99,34.00,36.24,0.00,0.00
234,1,20.00,551.00,256.00,255.00,40.00,34.33,0.00,0.00
235,1,23.00,730.00,338.00,346.00,46.00,32.53,0.00,0.00
236,1,30.00,843.00,379.00,404.00,60.00,21.11,1.00,0.00
237,1,24.00,732.00,332.00,352.00,48.00,40.37,0.00,0.00
238,1,19.00,643.00,293.00,312.00,38.00,46.63,0.00,0.00
239,1,32.00,927.01,422.00,441.00,64.00,17.01,0.00,0.00
240,1,21.00,616.00,284.00,290.00,42.00,42.61,1.00,0.00
241,1,28.00,686.99,312.00,319.00,56.00,48.34,1.00,0.00
242,1,27.00,749.00,337.00,358.00,54.00,45.79,0.00,0.00
243,1,26.00,684.00,308.00,324.00,52.00,51.94,0.00,0.00
244,1,27.00,700.00,317.00,329.00,54.00,37.56,0.00,0.00
245,1,22.00,648.00,302.00,302.00,44.00,37.56,0.00,0.00
246,1,30.00,769.00,346.00,363.00,60.00,51.02,0.00,0.00
247,1,24.00,671.00,303.00,320.00,48.00,47.47,0.00,0.00
248,1,33.00,971.01,443.00,462.00,66.00,29.19,0.00,0.00
249,1,36.00,1003.99,463.99,467.99,72.00,21.11,0.00,0.00
250,1,43.00,1231.00,559.00,586.00,86.00,35.59,0.00,0.00
251,1,35.00,1110.02,493.01,547.01,70.00,44.98,0.00,0.00
252,1,41.00,1208.01,548.00,578.00,82.00,23.95,0.00,0.00
253,1,45.00,1202.99,534.99,577.99,90.00,41.10,0.00,0.00
254,1,39.00,1326.99,604.00,645.00,78.00,38.94,1.00,0.00
255,1,38.00,1064.00,480.00,508.00,76.00,36.89,0.00,0.00
256,1,35.00,932.00,431.00,431.00,70.00,36.24,0.00,0.00
257,1,48.00,1321.00,604.00,621.00,96.00,29.72,0.00,0.00
258,1,49.00,1396.01,646.00,652.00,98.00,38.94,0.00,0.00
259,1,65.00,1406.00,644.00,632.00,130.00,31.94,0.00,0.00
260,1,48.00,1569.98,719.99,753.99,96.00,23.10,1.00,0.00
261,1,63.00,1814.98,823.99,864.99,126.00,18.95,0.00,0.00
262,1,48.00,1384.02,640.01,648.01,96.00,34.33,0.00,0.00
263,1,53.00,1500.02,689.01,705.01,106.00,28.67,0.00,0.00
264,1,46.00,1346.00,621.00,633.00,92.00,38.94,0.00,0.00
265,1,52.00,1618.99,755.00,760.00,104.00,21.11,0.00,0.00
266,1,63.00,1539.00,692.00,721.00,126.00,20.74,1.00,0.00
267,1,50.00,1606.00,740.00,765.00,101.00,30.26,0.00,0.00
268,1,78.00,1819.00,816.00,847.00,156.00,20.37,1.00,0.00
269,1,56.00,1812.99,830.00,870.99,112.00,32.53,1.00,0.00
270,1,62.00,1591.01,729.00,738.00,124.00,33.72,0.00,0.00
271,1,58.00,1632.01,753.00,763.00,116.00,34.33,0.00,0.00
272,1,78.00,1737.99,781.00,801.00,156.00,30.81,0.00,0.00
273,1,60.00,1778.00,802.00,856.00,120.00,36.89,0.00,0.00
274,1,67.00,1811.00,822.00,855.00,134.00,41.85,0.00,0.00
275,1,70.00,1776.01,813.00,823.00,140.00,33.12,1.00,0.00
276,1,79.00,2511.99,1164.99,1188.99,158.00,15.83,0.00,0.00
277,1,63.00,1945.99,889.00,931.00,126.00,43.39,0.00,0.00
278,1,67.00,1711.98,776.99,800.99,134.00,38.25,0.00,0.00
279,1,61.00,1749.03,802.01,825.01,122.00,41.10,0.00,0.00
280,1,65.00,1474.00,666.00,678.00,130.00,40.37,0.00,0.00
281,1,74.00,1918.97,883.99,886.99,148.00,20.74,1.00,0.00
282,1,65.00,1738.01,789.00,819.00,130.00,41.85,1.00,0.00
283,1,71.00,2186.99,1008.00,1037.00,142.00,24.83,1.00,0.00
284,1,87.00,2236.01,1023.00,1039.00,174.00,19.65,0.00,0.00
285,1,84.00,2382.01,1078.00,1136.00,168.00,35.59,0.00,0.00
286,1,76.00,2652.02,1200.01,1300.01,152.00,37.56,0.00,0.00
287,1,86.00,2312.00,1041.00,1099.00,172.00,23.95,0.00,0.00
288,1,89.00,2601.00,1197.00,1226.00,178.00,20.37,1.00,0.00
289,1,94.00,2592.00,1164.00,1240.00,188.00,31.94,0.00,0.00
290,1,106.00,2798.99,1271.00,1316.00,212.00,19.29,0.00,0.00
291,1,94.00,2585.96,1179.98,1217.98,188.00,20.74,0.00,0.00
292,1,83.00,2372.98,1086.99,1119.99,166.00,30.81,0.00,0.00
293,1,102.00,2638.04,1210.02,1224.02,204.00,22.28,0.00,0.00
294,1,83.00,2629.03,1199.01,1264.02,166.00,39.65,1.00,0.00
295,1,94.00,2321.00,1065.00,1068.00,188.00,21.89,0.00,0.00
296,1,69.97,2223.19,1021.63,1061.61,139.95,31.94,2.00,0.00
297,1,76.03,2358.85,1087.39,1119.40,152.05,34.95,0.00,0.00
298,1,101.00,2607.99,1179.99,1225.99,202.00,28.67,0.00,0.00
299,1,91.00,2696.99,1224.99,1289.99,182.00,21.89,1.00,0.00
300,1,86.00,2875.04,1322.02,1381.02,172.00,31.94,0.00,0.00
301,1,87.00,2819.97,1293.99,1351.99,174.00,33.12,0.00,0.00
302,1,96.00,2638.97,1206.98,1239.98,192.00,21.50,0.00,0.00
303,1,86.00,2775.05,1274.02,1329.02,172.00,34.95,0.00,0.00
304,1,96.00,2444.00,1117.00,1135.00,192.00,34.95,2.00,0.00
305,1,93.00,2896.01,1329.01,1381.01,186.00,26.20,0.00,0.00
306,1,99.00,2943.98,1345.99,1399.99,198.00,21.89,1.00,0.00
307,1,108.00,2788.01,1257.01,1315.01,216.00,29.72,1.00,0.00
308,1,43.00,1106.01,500.00,521.00,85.00,20.37,0.00,0.00
309,1,1.00,43.00,20.00,21.00,2.00,1013.60,0.00,0.00
310,1,1.00,31.00,14.00,15.00,2.00,995.51,0.00,0.00
311,1,1.00,59.00,28.00,29.00,2.00,995.51,0.00,0.00
312,1,1.00,59.00,28.00,29.00,2.00,995.51,0.00,0.00
313,1,3.00,91.00,41.00,44.00,6.00,977.74,0.00,0.00
314,1,8.00,123.00,58.00,49.00,16.00,960.30,0.00,0.00
315,1,5.00,144.00,65.00,69.00,10.00,943.16,0.00,0.00
316,1,3.00,21.00,11.00,4.00,6.00,995.51,0.00,0.00
317,1,7.00,168.00,75.00,79.00,14.00,943.16,0.00,0.00
318,1,5.00,192.00,84.00,98.00,10.00,926.33,0.00,0.00
319,1,10.00,304.00,143.00,141.00,20.00,926.33,0.00,0.00
320,1,9.00,248.00,111.00,119.00,18.00,893.56,0.00,0.00
321,1,11.00,210.00,93.00,95.00,22.00,38.25,0.00,0.00
322,1,13.00,269.01,125.00,118.00,26.00,23.95,0.00,0.00
323,1,15.00,345.00,156.00,159.00,30.00,22.28,0.00,0.00
324,1,12.00,370.00,169.00,177.00,24.00,45.79,0.00,0.00
325,1,16.00,504.00,236.00,236.00,32.00,18.61,0.00,0.00
326,1,18.00,548.99,248.00,265.00,36.00,19.29,0.00,0.00
327,1,14.00,440.01,207.00,205.00,28.00,31.94,0.00,0.00
328,1,18.00,549.99,250.00,264.00,36.00,22.28,0.00,0.00
329,1,14.00,490.00,223.00,239.00,28.00,44.17,0.00,0.00
330,1,19.00,544.01,250.00,256.00,38.00,28.67,0.00,0.00
331,1,14.00,459.00,208.00,223.00,28.00,25.28,0.00,0.00
332,1,22.00,577.01,263.00,270.00,44.00,35.59,0.00,0.00
333,1,22.00,550.99,249.00,258.00,44.00,45.79,0.00,0.00
334,1,25.00,581.01,269.00,262.00,50.00,40.37,1.00,0.00
335,1,18.00,689.00,318.00,335.00,36.00,33.72,0.00,0.00
336,1,25.00,801.00,364.00,387.00,50.00,38.94,0.00,0.00
337,1,31.00,921.00,419.00,440.00,62.00,20.37,0.00,0.00
338,1,22.00,629.00,292.00,293.00,44.00,45.79,0.00,0.00
339,1,30.00,944.00,429.00,455.00,60.00,41.10,0.00,0.00
340,1,30.00,930.00,421.00,449.00,60.00,45.79,0.00,0.00
341,1,33.00,815.98,376.99,372.99,66.00,29.72,1.00,0.00
342,1,40.00,891.02,410.01,401.01,80.00,19.29,0.00,0.00
343,1,33.00,1095.00,510.00,519.00,66.00,16.71,0.00,0.00
344,1,32.00,943.98,433.99,445.99,64.00,36.24,0.00,0.00
345,1,41.00,1159.00,527.00,550.00,82.00,18.28,0.00,0.00
346,1,46.00,1274.02,574.01,608.01,92.00,17.32,0.00,0.00
347,1,38.00,1069.00,488.00,505.00,76.00,33.12,0.00,0.00
348,1,42.00,1314.00,603.00,627.00,84.00,16.71,0.00,0.00
349,1,37.00,1071.99,486.99,510.99,74.00,40.37,0.00,0.00
350,1,42.00,1036.01,472.00,480.00,84.00,34.95,0.00,0.00
351,1,31.00,972.01,429.00,481.00,62.00,36.89,0.00,0.00
352,1,33.00,839.00,386.00,387.00,66.00,36.89,0.00,0.00
353,1,44.00,1233.01,574.00,571.00,88.00,23.10,0.00,0.00
354,1,49.00,1283.00,583.00,602.00,98.00,34.95,0.00,0.00
355,1,51.00,1480.98,681.99,696.99,102.00,18.61,0.00,0.00
356,1,37.00,987.02,454.01,459.01,74.00,43.39,0.00,0.00
357,1,52.00,1405.00,638.00,663.00,104.00,24.38,0.00,0.00
358,1,59.00,1542.01,706.01,718.01,118.00,16.12,0.00,0.00
359,1,48.00,1492.97,669.98,726.98,96.00,38.25,1.00,0.00
360,1,53.00,1578.00,718.00,754.00,106.00,22.28,0.00,0.00
361,1,56.00,1521.01,691.00,718.00,112.00,20.37,0.00,0.00
362,1,43.00,1262.01,570.00,606.00,86.00,36.89,0.00,0.00
363,1,55.00,1514.02,692.01,712.01,110.00,19.65,0.00,0.00
364,1,60.00,1830.99,838.00,873.00,120.00,17.32,0.00,0.00
365,1,50.00,1485.97,680.99,704.99,100.00,32.53,0.00,0.00
366,1,44.00,1202.03,552.01,562.01,88.00,41.10,0.00,0.00
367,1,58.00,1540.99,698.00,727.00,116.00,20.74,1.00,0.00
368,1,50.00,1538.00,703.00,735.00,100.00,37.56,2.00,0.00
369,1,55.00,1335.96,602.98,622.98,110.00,25.74,0.00,0.00
370,1,59.00,1682.02,773.01,791.01,118.00,20.00,0.00,0.00
371,1,66.00,1810.01,827.01,851.01,132.00,18.28,1.00,0.00
372,1,53.00,1678.01,767.00,805.00,106.00,21.11,0.00,0.00
373,1,50.00,1553.00,708.00,745.00,100.00,41.10,0.00,0.00
374,1,66.00,1907.01,869.00,906.01,132.00,18.28,1.00,0.00
375,1,54.00,1432.97,654.99,669.99,108.00,38.25,0.00,0.00
376,1,53.00,1758.01,805.01,846.01,107.00,33.12,1.00,0.00
377,1,62.00,1655.02,751.01,780.01,124.00,17.95,0.00,0.00
378,1,58.00,1956.99,896.00,945.00,116.00,18.61,1.00,0.00
379,1,59.00,1727.97,768.99,840.98,118.00,35.59,0.00,0.00
380,1,60.00,1704.03,772.01,812.01,120.00,37.56,0.00,0.00
381,1,70.00,1881.99,851.00,891.00,140.00,27.17,0.00,0.00
382,1,69.00,2264.02,1032.01,1094.01,138.00,17.63,1.00,0.00
383,1,70.00,2010.00,910.00,960.00,140.00,33.72,2.00,0.00
384,1,67.00,2059.98,936.99,988.99,134.00,32.53,0.00,0.00
385,1,73.00,2164.01,985.01,1033.01,146.00,20.37,1.00,0.00
386,1,59.00,2067.99,945.99,1003.99,118.00,34.33,0.00,0.00
387,1,79.00,2269.99,1038.00,1073.99,158.00,20.00,0.00,0.00
388,1,76.00,2211.02,990.01,1069.01,152.00,18.28,1.00,0.00
389,1,65.00,2070.93,934.97,1005.97,130.00,36.89,0.00,0.00
390,1,81.00,2292.07,1056.03,1074.03,162.00,16.71,1.00,0.00
391,1,75.00,2317.01,1073.00,1094.00,150.00,20.74,1.00,0.00
392,1,68.00,2135.99,967.00,1033.00,136.00,29.72,1.00,0.00
393,1,79.00,2241.00,1031.00,1052.00,158.00,21.50,1.00,0.00
394,1,59.00,1829.00,832.00,879.00,118.00,36.24,0.00,0.00
395,1,62.00,1967.01,904.00,939.00,124.00,33.12,0.00,0.00
396,1,85.00,2389.98,1108.99,1110.99,170.00,18.28,0.00,0.00
397,1,87.00,2276.97,1033.99,1068.98,174.00,22.28,1.00,0.00
398,1,74.00,2173.05,977.02,1048.02,148.00,26.20,0.00,0.00
399,1,75.00,2270.94,1039.97,1080.97,150.00,29.72,0.00,0.00
400,1,78.97,2072.33,939.70,974.69,157.95,29.72,0.00,0.00
401,1,88.03,2086.72,934.32,976.34,176.06,19.65,0.00,0.00
402,1,78.00,1972.00,895.00,921.00,156.00,31.37,1.00,0.00
403,1,73.00,2432.00,1103.00,1183.00,146.00,27.66,0.00,0.00
404,1,76.00,1854.99,851.00,852.00,152.00,32.53,0.00,0.00
405,1,81.00,2461.96,1117.98,1181.98,162.00,20.00,0.00,0.00
406,1,83.00,2537.05,1171.02,1200.02,166.00,20.37,0.00,0.00
407,1,80.00,2364.97,1095.99,1108.99,160.00,22.28,0.00,0.00
408,1,94.00,2552.03,1147.02,1217.02,188.00,18.95,0.00,0.00
409,1,100.00,2509.96,1149.98,1159.98,200.00,21.89,0.00,0.00
410,1,89.00,2582.04,1168.02,1236.02,178.00,18.28,0.00,0.00
411,1,80.00,2233.00,1017.00,1056.00,160.00,35.59,1.00,0.00
412,1,88.00,2545.99,1160.99,1208.99,176.00,23.52,1.00,0.00
413,1,76.00,2245.98,1026.99,1066.99,152.00,32.53,1.00,0.00
414,1,91.00,2856.04,1312.02,1362.02,182.00,18.28,0.00,0.00
415,1,83.00,2397.00,1101.00,1130.00,166.00,23.95,0.00,0.00
416,1,77.00,2224.99,1015.00,1056.00,154.00,29.19,0.00,0.00
417,1,81.00,2694.96,1236.98,1295.98,162.00,34.95,1.00,0.00
418,1,97.00,2297.98,1036.99,1066.99,194.00,25.28,0.00,0.00
419,1,81.98,2521.27,1163.66,1193.66,163.95,31.94,1.00,0.00
420,1,79.02,2883.89,1323.41,1402.43,158.05,34.33,0.00,0.00
421,1,89.00,2799.99,1283.99,1337.99,178.00,22.69,0.00,0.00
422,1,83.00,2343.99,1079.00,1099.00,166.00,34.33,0.00,0.00
423,1,99.00,2791.00,1284.00,1309.00,198.00,21.89,1.00,0.00
424,1,88.00,2949.02,1335.01,1438.01,176.00,34.95,1.00,0.00
425,1,103.00,3168.99,1443.00,1520.00,206.00,21.11,0.00,0.00
426,1,96.00,2656.00,1213.00,1251.00,192.00,28.67,0.00,0.00
427,1,107.00,2977.97,1363.99,1399.99,214.00,25.74,0.00,0.00
428,1,90.00,2817.96,1283.98,1353.98,180.00,36.24,0.00,0.00
429,1,108.00,2973.01,1367.00,1390.00,216.00,25.74,0.00,0.00
430,1,97.00,2628.05,1196.02,1238.02,194.00,27.17,0.00,0.00
431,1,101.00,3022.01,1392.01,1428.01,202.00,22.28,1.00,0.00
432,1,86.00,2660.98,1209.99,1278.99,172.00,36.24,0.00,0.00
433,1,99.00,2772.00,1261.00,1314.00,197.00,33.12,0.00,0.00
434,1,111.00,3345.02,1535.01,1587.01,223.00,21.11,0.00,0.00
435,1,49.98,1238.57,558.80,580.80,98.97,34.33,0.00,0.00
436,1,1.00,11.00,5.00,4.00,2.00,1013.60,0.00,0.00
437,1,2.00,72.00,35.00,33.00,4.00,995.51,0.00,0.00
438,1,2.00,60.00,27.00,29.00,4.00,977.74,0.00,0.00
439,1,4.00,88.00,41.00,39.00,8.00,977.74,0.00,0.00
440,1,3.00,97.00,45.00,46.00,6.00,977.74,0.00,0.00
441,1,4.00,118.00,51.00,59.00,8.00,960.30,0.00,0.00
442,1,12.00,167.00,75.00,68.00,24.00,11.24,0.00,0.00
443,1,7.00,209.00,97.00,98.00,14.00,926.33,0.00,0.00
444,1,9.00,233.00,105.00,110.00,18.00,926.33,0.00,0.00
445,1,9.00,237.00,110.00,109.00,18.00,926.33,0.00,0.00
446,1,6.00,158.00,69.00,77.00,12.00,926.33,0.00,0.00
447,1,13.00,407.00,191.00,190.00,26.00,20.00,0.00,0.00
448,1,10.00,410.01,186.00,204.00,20.00,909.80,0.00,0.00
449,1,10.00,414.99,191.00,204.00,20.00,877.61,0.00,0.00
450,1,14.00,459.01,214.00,217.00,28.00,19.65,0.00,0.00
451,1,14.00,507.00,237.00,242.00,28.00,20.74,0.00,0.00
452,1,15.00,457.00,204.00,223.00,30.00,36.24,0.00,0.00
453,1,18.00,364.00,166.00,162.00,36.00,36.89,0.00,0.00
454,1,14.00,491.00,219.00,244.00,28.00,37.56,0.00,0.00
455,1,17.00,548.99,253.00,262.00,34.00,23.10,0.00,0.00
456,1,22.00,750.00,350.00,356.00,44.00,35.59,1.00,0.00
457,1,32.00,805.00,361.00,380.00,64.00,17.32,0.00,0.00
458,1,19.00,535.00,237.00,260.00,38.00,47.47,0.00,0.00
459,1,21.00,570.99,266.00,263.00,42.00,41.10,0.00,0.00
460,1,18.00,651.00,303.00,312.00,36.00,47.47,0.00,0.00
461,1,31.00,712.01,329.00,321.00,62.00,18.95,1.00,0.00
462,1,26.00,646.00,292.00,302.00,52.00,35.59,0.00,0.00
463,1,24.00,688.00,317.00,323.00,48.00,41.85,0.00,0.00
464,1,32.00,794.00,364.00,366.00,64.00,16.41,0.00,0.00
465,1,33.00,879.99,397.99,415.99,66.00,17.01,0.00,0.00
466,1,32.00,836.00,379.00,393.00,64.00,16.12,0.00,0.00
467,1,29.00,941.02,439.01,444.01,58.00,34.33,0.00,0.00
468,1,31.00,955.99,435.00,459.00,62.00,21.50,0.00,0.00
469,1,35.00,867.98,401.99,395.99,70.00,31.37,0.00,0.00
470,1,43.00,1106.02,502.01,518.01,86.00,25.74,0.00,0.00
471,1,44.00,945.01,424.00,433.00,88.00,32.53,1.00,0.00
472,1,32.00,946.00,421.00,461.00,64.00,30.81,0.00,0.00
473,1,24.00,630.00,284.00,298.00,48.00,44.98,1.00,0.00
474,1,32.00,801.00,370.00,367.00,64.00,33.72,1.00,0.00
475,1,40.00,963.00,436.00,447.00,80.00,26.68,0.00,0.00
476,1,40.00,1281.00,592.00,609.00,80.00,18.61,0.00,0.00
477,1,40.00,947.00,427.00,440.00,80.00,28.16,0.00,0.00
478,1,43.00,1273.00,587.00,600.00,86.00,18.61,0.00,0.00
479,1,33.00,761.98,336.99,358.99,66.00,41.85,0.00,0.00
480,1,37.00,1031.02,471.01,486.01,74.00,38.25,0.00,0.00
481,1,45.00,1430.00,663.00,677.00,90.00,31.94,0.00,0.00
482,1,51.00,1524.99,704.00,719.00,102.00,23.95,0.00,0.00
483,1,51.00,1444.01,655.00,687.01,102.00,34.95,0.00,0.00
484,1,52.00,1384.00,642.00,638.00,104.00,33.12,0.00,0.00
485,1,59.00,1357.99,627.00,613.00,118.00,30.81,1.00,0.00
486,1,49.00,1467.99,666.99,702.99,98.00,33.12,0.00,0.00
487,1,51.00,1389.00,628.00,659.00,102.00,21.11,0.00,0.00
488,1,45.00,1126.99,516.00,521.00,90.00,34.33,0.00,0.00
489,1,53.00,1479.00,676.00,697.00,106.00,24.83,0.00,0.00
490,1,51.00,1394.02,635.01,657.01,102.00,30.81,0.00,0.00
491,1,52.00,1784.98,826.99,853.99,104.00,22.69,0.00,0.00
492,1,62.98,1950.31,893.68,930.67,125.96,17.32,1.00,0.00
493,1,76.03,2149.76,982.35,1015.36,152.05,15.83,1.00,0.00
494,1,65.00,1986.99,904.99,951.99,130.00,17.63,0.00,0.00
495,1,61.00,1608.02,740.01,746.01,122.00,30.81,1.00,0.00
496,1,57.00,1689.00,775.00,800.00,114.00,21.50,0.00,0.00
497,1,49.00,1405.00,642.00,665.00,98.00,36.24,0.00,0.00
498,1,49.00,1366.00,625.00,642.00,99.00,38.94,0.00,0.00
499,1,68.00,1732.01,782.00,814.00,136.00,25.74,0.00,0.00
500,1,52.00,1648.98,747.99,796.99,104.00,27.66,0.00,0.00
501,1,64.00,1682.01,759.00,795.00,128.00,27.17,0.00,0.00
502,1,61.00,1789.02,807.01,860.01,122.00,34.95,0.00,0.00
503,1,68.00,1733.02,777.01,820.01,136.00,23.95,0.00,0.00
504,1,70.00,2019.00,924.00,955.00,140.00,31.37,1.00,0.00
505,1,83.00,2324.00,1082.00,1076.00,166.00,17.32,1.00,0.00
506,1,83.00,2128.96,966.98,995.98,166.00,21.50,0.00,0.00
507,1,74.00,2112.04,975.02,989.02,148.00,17.63,0.00,0.00
508,1,66.00,2162.99,987.00,1044.00,132.00,19.29,1.00,0.00
509,1,55.00,1735.95,785.98,839.98,110.00,38.25,0.00,0.00
510,1,78.00,2425.03,1119.02,1150.02,156.00,17.63,0.00,0.00
511,1,78.00,2321.98,1058.99,1106.99,156.00,18.28,1.00,0.00
512,1,88.00,2499.03,1142.01,1181.01,176.00,17.63,0.00,0.00
513,1,80.00,2354.03,1074.01,1120.01,160.00,17.63,0.00,0.00
514,1,90.00,2613.97,1187.99,1245.99,180.00,15.55,0.00,0.00
515,1,97.97,2506.32,1145.69,1164.68,195.95,14.46,0.00,0.00
516,1,77.02,2120.58,973.27,993.27,154.04,31.37,1.00,0.00
517,1,70.00,2065.01,934.01,991.01,140.00,30.26,1.00,0.00
518,1,67.00,2038.98,931.99,972.99,134.00,31.37,0.00,0.00
519,1,87.00,2347.01,1066.01,1107.01,174.00,20.00,1.00,0.00
520,1,65.00,1936.00,890.00,916.00,130.00,31.37,0.00,0.00
521,1,75.00,2299.98,1048.99,1100.99,150.00,17.63,0.00,0.00
522,1,81.00,2219.00,1018.00,1039.00,162.00,18.61,0.00,0.00
523,1,93.00,2546.05,1169.02,1191.02,186.00,15.83,0.00,0.00
524,1,75.00,2069.99,957.00,963.00,150.00,28.16,0.00,0.00
525,1,76.00,2175.97,997.99,1025.99,152.00,21.11,1.00,0.00
526,1,95.00,2636.00,1211.00,1235.00,190.00,17.32,0.00,0.00
527,1,79.00,2305.04,1053.02,1094.02,158.00,27.66,0.00,0.00
528,1,78.00,2458.99,1111.00,1191.99,156.00,21.11,0.00,0.00
529,1,76.00,2430.98,1116.99,1161.99,152.00,24.38,0.00,0.00
530,1,87.00,2741.01,1255.00,1312.00,174.00,19.29,1.00,0.00
531,1,75.00,2199.02,1007.01,1042.01,150.00,28.16,0.00,0.00
532,1,84.00,2362.01,1073.00,1121.01,168.00,22.28,2.00,0.00
533,1,81.00,1994.99,913.00,920.00,162.00,33.12,0.00,0.00
534,1,93.97,2380.23,1093.65,1098.64,187.94,29.19,1.00,0.00
535,1,89.03,2444.75,1124.35,1142.35,178.05,23.52,1.00,0.00
536,1,75.00,2306.03,1048.01,1108.01,150.00,37.56,0.00,0.00
537,1,104.00,2643.01,1192.00,1243.00,208.00,18.28,0.00,0.00
538,1,89.00,2275.99,1019.00,1079.00,178.00,33.72,0.00,0.00
539,1,92.00,2578.96,1173.98,1220.98,184.00,20.00,0.00,0.00
540,1,94.00,2618.02,1186.01,1244.01,188.00,29.72,0.00,0.00
541,1,100.00,2746.03,1249.01,1297.01,200.00,17.95,0.00,0.00
542,1,83.00,2345.01,1070.00,1109.00,166.00,31.94,0.00,0.00
543,1,105.00,2872.98,1308.99,1353.99,210.00,18.28,0.00,0.00
544,1,81.00,2363.01,1079.01,1122.01,162.00,34.95,0.00,0.00
545,1,91.00,2700.00,1242.00,1276.00,182.00,24.38,0.00,0.00
546,1,94.00,2916.98,1327.99,1400.99,188.00,17.95,0.00,0.00
547,1,98.00,2797.02,1272.01,1329.01,196.00,20.74,1.00,0.00
548,1,106.00,2967.00,1362.00,1393.00,212.00,17.63,1.00,0.00
549,1,102.00,2614.94,1179.97,1230.97,204.00,31.37,0.00,0.00
550,1,94.00,2816.04,1298.02,1330.02,188.00,29.72,1.00,0.00
551,1,95.97,2844.00,1290.55,1361.52,191.93,21.89,0.00,0.00
552,1,84.03,2455.88,1117.40,1170.42,168.06,29.72,0.00,0.00
553,1,87.00,2243.01,1013.00,1056.00,174.00,35.59,1.00,0.00
554,1,127.00,3101.97,1426.98,1420.98,254.00,18.95,0.00,0.00
555,1,87.00,2984.98,1368.99,1441.99,174.00,24.83,1.00,0.00
556,1,103.00,2813.97,1275.99,1331.99,206.00,26.68,1.00,0.00
557,1,94.00,2933.03,1340.01,1405.01,188.00,30.26,0.00,0.00
558,1,118.00,3457.01,1569.00,1652.00,236.00,17.63,0.00,0.00
559,1,115.00,3277.96,1490.98,1556.98,230.00,27.66,2.00,0.00
560,1,118.00,3558.03,1632.01,1690.02,236.00,16.41,1.00,0.00
561,1,130.00,3328.02,1501.01,1567.01,260.00,17.95,0.00,0.00
562,1,118.00,3193.99,1465.99,1491.99,236.00,25.28,0.00,0.00
563,1,121.00,3284.04,1505.02,1537.02,242.00,18.28,0.00,0.00
564,1,102.00,3141.99,1457.00,1481.00,204.00,22.69,1.00,0.00
565,1,104.00,2941.00,1347.00,1386.00,208.00,29.19,0.00,0.00
566,1,125.96,3282.95,1476.53,1554.50,251.92,25.74,0.00,0.00
567,1,126.04,3088.94,1410.43,1426.43,252.08,22.28,0.00,0.00
568,1,106.00,3074.96,1415.98,1446.98,212.00,26.68,1.00,0.00
569,1,121.00,3312.99,1515.00,1556.00,242.00,21.89,0.00,0.00
570,1,73.00,1868.03,849.01,874.01,145.00,12.98,0.00,0.00
571,1,1.00,11.00,5.00,4.00,2.00,1013.60,0.00,0.00
572,1,2.00,20.00,8.00,8.00,4.00,995.51,0.00,0.00
573,1,2.00,22.00,10.00,8.00,4.00,995.51,0.00,0.00
574,1,3.00,33.00,15.00,12.00,6.00,995.51,0.00,0.00
575,1,1.00,59.00,28.00,29.00,2.00,1013.60,0.00,0.00
576,1,3.00,95.00,45.00,44.00,6.00,995.51,0.00,0.00
577,1,3.00,87.00,40.00,41.00,6.00,977.74,0.00,0.00
578,1,6.00,107.00,48.00,47.00,12.00,977.74,0.00,0.00
579,1,4.00,112.00,52.00,52.00,8.00,960.30,0.00,0.00
580,1,5.00,140.00,64.00,66.00,10.00,960.30,0.00,0.00
581,1,4.00,145.00,64.00,73.00,8.00,960.30,0.00,0.00
582,1,5.00,167.00,79.00,78.00,10.00,977.74,0.00,0.00
583,1,4.00,87.00,40.00,39.00,8.00,960.30,0.00,0.00
584,1,6.00,81.00,38.00,31.00,12.00,943.16,0.00,0.00
585,1,6.00,205.99,96.00,98.00,12.00,943.16,0.00,0.00
586,1,8.00,209.00,91.00,102.00,16.00,943.16,0.00,0.00
587,1,5.00,188.00,84.00,94.00,10.00,926.33,0.00,0.00
588,1,8.00,224.00,102.00,106.00,16.00,943.16,0.00,0.00
589,1,8.00,228.00,107.00,105.00,16.00,926.33,0.00,0.00
590,1,8.00,129.00,53.00,60.00,16.00,926.33,0.00,0.00
591,1,10.00,335.00,155.00,160.00,20.00,926.33,0.00,0.00
592,1,10.00,332.00,156.00,156.00,20.00,909.80,0.00,0.00
593,1,12.00,343.00,155.00,164.00,24.00,25.74,0.00,0.00
594,1,11.00,256.00,118.00,116.00,22.00,36.89,0.00,0.00
595,1,7.00,185.00,86.00,85.00,14.00,877.61,0.00,0.00
596,1,13.00,357.00,162.00,169.00,26.00,14.21,0.00,0.00
597,1,12.00,285.00,125.00,136.00,24.00,25.74,0.00,0.00
598,1,11.00,438.00,201.00,215.00,22.00,33.12,0.00,0.00
599,1,26.00,490.99,225.99,212.99,52.00,15.00,0.00,0.00
600,1,18.00,466.01,209.00,221.00,36.00,36.89,0.00,0.00
601,1,13.00,399.00,177.00,196.00,26.00,30.81,0.00,0.00
602,1,16.00,488.00,221.00,235.00,32.00,40.37,0.00,0.00
603,1,17.00,500.99,231.00,236.00,34.00,32.53,0.00,0.00
604,1,13.00,437.01,198.00,213.00,26.00,45.79,0.00,0.00
605,1,18.00,547.00,249.00,262.00,36.00,27.17,0.00,0.00
606,1,21.00,707.00,332.00,333.00,42.00,23.95,0.00,0.00
607,1,17.00,433.00,201.00,198.00,34.00,34.95,0.00,0.00
608,1,24.00,722.00,319.00,355.00,48.00,26.20,0.00,0.00
609,1,16.00,569.99,265.99,271.99,32.00,31.37,0.00,0.00
610,1,16.00,662.01,297.00,333.01,32.00,34.95,0.00,0.00
611,1,25.00,722.00,321.00,351.00,50.00,32.53,0.00,0.00
612,1,30.00,837.00,388.00,389.00,60.00,30.26,0.00,0.00
613,1,36.00,894.99,404.00,419.00,72.00,17.32,0.00,0.00
614,1,37.00,1040.01,466.00,500.00,74.00,17.63,0.00,0.00
615,1,29.00,1011.00,463.00,490.00,58.00,31.37,0.00,0.00
616,1,27.00,856.00,390.00,412.00,54.00,36.89,0.00,0.00
617,1,25.00,902.99,409.00,444.00,50.00,40.37,0.00,0.00
618,1,40.00,993.01,455.00,458.00,80.00,16.41,0.00,0.00
619,1,36.00,1134.98,518.99,543.99,72.00,16.41,0.00,0.00
620,1,27.00,935.02,420.01,461.01,54.00,27.66,0.00,0.00
621,1,33.00,1052.99,482.00,505.00,66.00,18.95,0.00,0.00
622,1,33.00,1007.01,465.01,476.01,66.00,29.72,0.00,0.00
623,1,46.00,1153.99,519.00,543.00,92.00,20.37,0.00,0.00
624,1,39.00,1057.98,474.99,504.99,78.00,20.74,0.00,0.00
625,1,40.00,891.01,402.01,409.01,80.00,28.16,1.00,0.00
626,1,25.00,878.99,401.99,426.99,50.00,41.85,1.00,0.00
627,1,34.00,1122.02,517.01,537.01,68.00,20.74,0.00,0.00
628,1,35.00,998.99,457.00,472.00,70.00,33.72,0.00,0.00
629,1,34.00,1013.98,456.99,488.99,68.00,30.26,1.00,0.00
630,1,51.00,1524.04,700.02,722.02,102.00,15.83,0.00,0.00
631,1,41.99,1202.61,551.82,566.82,83.97,17.95,0.00,0.00
632,1,53.02,1482.48,680.22,696.23,106.03,15.55,0.00,0.00
633,1,52.00,1302.99,597.00,602.00,104.00,17.32,0.00,0.00
634,1,42.00,1414.01,645.00,685.00,84.00,34.33,0.00,0.00
635,1,53.00,1486.00,683.00,697.00,106.00,17.32,0.00,0.00
636,1,49.00,1263.00,574.00,591.00,98.00,30.81,0.00,0.00
637,1,51.00,1562.00,713.00,747.00,102.00,20.37,0.00,0.00
638,1,42.00,1406.00,654.00,668.00,84.00,27.17,0.00,0.00
639,1,57.00,1747.96,793.98,839.98,114.00,18.28,0.00,0.00
640,1,60.00,1703.02,777.01,806.01,120.00,16.41,1.00,0.00
641,1,67.00,1963.01,892.00,937.01,134.00,17.01,0.00,0.00
642,1,47.00,1452.00,667.00,691.00,94.00,33.72,0.00,0.00
643,1,63.00,1806.00,821.00,859.00,126.00,18.28,0.00,0.00
644,1,60.00,1718.00,773.00,825.00,120.00,19.65,0.00,0.00
645,1,57.00,1796.99,802.00,880.99,114.00,21.11,0.00,0.00
646,1,49.00,1655.00,757.00,800.00,98.00,31.37,0.00,0.00
647,1,66.00,1805.99,822.99,849.99,133.00,21.89,1.00,0.00
648,1,51.00,1781.01,819.00,860.00,102.00,26.20,1.00,0.00
649,1,60.00,1887.97,853.99,913.99,120.00,18.95,0.00,0.00
650,1,63.00,1993.04,888.02,979.02,126.00,17.95,1.00,0.00
651,1,61.00,1746.01,791.01,833.01,122.00,24.83,0.00,0.00
652,1,75.00,1605.98,735.99,719.99,150.00,27.66,0.00,0.00
653,1,75.00,1992.98,913.99,928.99,150.00,20.37,1.00,0.00
654,1,71.00,1923.01,868.01,913.01,142.00,26.20,0.00,0.00
655,1,78.00,2236.02,1022.01,1058.01,156.00,18.28,0.00,0.00
656,1,87.00,2182.97,994.99,1013.99,174.00,26.20,1.00,0.00
657,1,80.98,2207.37,995.71,1049.70,161.95,18.61,0.00,0.00
658,1,72.02,2022.61,914.28,964.29,144.04,20.74,0.00,0.00
659,1,54.00,1853.97,859.98,885.98,108.00,29.19,1.00,0.00
660,1,69.00,1935.03,876.02,921.02,138.00,31.94,0.00,0.00
661,1,84.00,2256.97,1042.98,1045.98,168.00,17.63,0.00,0.00
662,1,87.00,2255.01,1030.00,1051.00,174.00,18.61,1.00,0.00
663,1,68.00,1897.02,869.01,892.01,136.00,31.37,1.00,0.00
664,1,58.00,2026.00,925.00,985.00,116.00,23.52,0.00,0.00
665,1,76.00,2164.99,969.99,1042.99,152.00,29.72,0.00,0.00
666,1,91.00,2654.00,1218.00,1254.00,182.00,14.73,0.00,0.00
667,1,80.00,2553.01,1165.00,1228.00,160.00,18.61,1.00,0.00
668,1,87.00,2154.00,967.00,1013.00,174.00,30.26,1.00,0.00
669,1,81.00,2688.94,1231.97,1294.97,162.00,16.71,0.00,0.00
670,1,85.00,2336.03,1067.01,1099.01,170.00,17.95,0.00,0.00
671,1,83.00,2341.96,1061.98,1113.98,166.00,21.89,1.00,0.00
672,1,90.00,2746.05,1260.02,1306.02,180.00,20.74,0.00,0.00
673,1,106.00,2728.96,1258.98,1257.98,212.00,14.73,0.00,0.00
674,1,90.00,2636.05,1200.02,1256.02,180.00,18.28,0.00,0.00
675,1,95.00,2694.00,1249.00,1255.00,190.00,17.63,0.00,0.00
676,1,85.97,2476.19,1123.63,1180.62,171.94,23.52,1.00,0.00
677,1,100.03,2945.91,1336.41,1409.43,200.06,17.32,0.00,0.00
678,1,75.00,2400.03,1103.02,1147.02,150.00,23.10,2.00,0.00
679,1,105.00,2790.94,1258.97,1321.97,210.00,19.29,0.00,0.00
680,1,101.00,2847.08,1296.04,1349.04,202.01,18.28,0.00,0.00
681,1,108.00,2990.98,1356.99,1417.99,216.00,18.95,0.00,0.00
682,1,92.00,2557.98,1166.99,1206.99,184.00,23.10,0.00,0.00
683,1,105.00,2967.03,1356.01,1401.01,210.00,17.63,0.00,0.00
684,1,94.00,2422.99,1102.00,1132.99,188.00,18.95,2.00,0.00
685,1,85.00,2572.02,1168.01,1234.01,170.00,31.94,1.00,0.00
686,1,89.00,2411.00,1099.00,1134.00,178.00,35.59,0.00,0.00
687,1,101.00,2853.99,1311.00,1341.00,202.00,30.81,0.00,0.00
688,1,107.00,2854.98,1297.99,1342.99,214.00,20.00,1.00,0.00
689,1,103.00,2611.98,1180.99,1224.99,206.00,24.83,0.00,0.00
690,1,119.00,3017.04,1373.02,1406.02,238.00,22.28,0.00,0.00
691,1,114.99,3038.76,1376.89,1431.89,229.98,18.95,0.00,0.00
692,1,109.96,2887.04,1321.56,1345.55,219.93,27.17,0.00,0.00
693,1,121.05,3093.26,1400.57,1450.59,242.10,18.61,0.00,0.00
694,1,88.00,2878.02,1320.01,1382.01,176.00,28.16,2.00,0.00
695,1,108.00,3258.99,1493.99,1548.99,216.00,18.28,0.00,0.00
696,1,120.00,3028.97,1389.99,1398.99,240.00,17.95,1.00,0.00
697,1,118.00,3220.05,1472.02,1512.02,236.00,19.65,0.00,0.00
698,1,125.00,3705.95,1690.98,1764.98,250.00,16.12,1.00,0.00
699,1,130.00,3785.00,1718.00,1807.00,260.00,16.41,0.00,0.00
700,1,121.00,3622.03,1643.01,1737.02,242.00,17.32,1.00,0.00
701,1,111.00,3379.00,1546.00,1611.00,222.00,18.28,4.00,0.00
702,1,128.00,3304.91,1508.96,1539.96,255.99,18.28,1.00,0.00
703,1,130.00,3699.06,1663.03,1776.03,260.00,17.63,0.00,0.00
704,1,121.00,3427.00,1561.00,1624.00,242.00,18.28,3.00,0.00
705,1,120.00,3398.99,1546.99,1611.99,240.00,18.28,0.00,0.00
706,1,107.97,3251.06,1486.57,1548.55,215.94,18.61,1.00,0.00
707,1,116.97,3175.21,1444.64,1496.63,233.94,22.28,0.00,0.00
708,1,128.07,3214.76,1466.80,1491.82,256.14,18.95,2.00,0.00
709,1,116.00,3166.98,1438.99,1495.99,232.00,23.52,1.00,0.00
710,1,118.00,3437.01,1576.00,1625.00,236.00,20.00,0.00,0.00
711,1,116.00,3152.04,1419.02,1501.02,232.00,20.00,1.00,0.00
712,1,115.00,3434.90,1560.95,1643.95,229.99,23.95,0.00,0.00
713,1,125.00,3409.02,1548.01,1611.01,250.00,25.74,0.00,0.00
714,1,116.00,3495.06,1605.03,1658.03,232.00,25.28,1.00,0.00
715,1,138.00,3986.01,1816.00,1894.00,276.00,17.32,0.00,0.00
716,1,97.00,3136.98,1419.99,1522.99,194.00,27.66,0.00,0.00
717,1,61.00,1708.01,776.01,811.01,121.00,20.37,0.00,0.00
718,1,1.00,11.00,5.00,4.00,2.00,995.51,0.00,0.00
719,1,1.00,11.00,5.00,4.00,2.00,995.51,0.00,0.00
720,1,1.00,67.00,32.00,33.00,2.00,1013.60,0.00,0.00
721,1,2.00,84.00,36.00,44.00,4.00,977.74,0.00,0.00
722,1,3.00,109.00,51.00,52.00,6.00,977.74,0.00,0.00
723,1,4.00,161.00,72.00,81.00,8.00,977.74,0.00,0.00
724,1,4.00,168.00,74.00,86.00,8.00,977.74,0.00,0.00
725,1,6.00,208.00,93.00,103.00,12.00,960.30,0.00,0.00
726,1,6.00,242.00,114.00,116.00,12.00,943.16,0.00,0.00
727,1,11.00,229.00,108.00,99.00,22.00,33.12,0.00,0.00
728,1,14.00,386.01,179.00,179.00,28.00,20.37,0.00,0.00
729,1,8.00,383.99,172.00,196.00,16.00,893.56,0.00,0.00
730,1,11.00,391.01,178.00,191.00,22.00,18.61,0.00,0.00
731,1,10.00,353.00,160.00,173.00,20.00,893.56,0.00,0.00
732,1,10.00,338.00,152.00,166.00,20.00,877.61,0.00,0.00
733,1,16.00,504.00,236.00,236.00,32.00,18.95,0.00,0.00
734,1,26.00,642.00,292.00,298.00,52.00,14.46,0.00,0.00
735,1,19.00,662.00,305.00,319.00,38.00,17.32,0.00,0.00
736,1,18.00,534.00,245.00,253.00,36.00,22.69,0.00,0.00
737,1,18.00,485.00,215.00,234.00,36.00,32.53,0.00,0.00
738,1,23.00,451.00,201.00,204.00,46.00,29.19,0.00,0.00
739,1,21.99,529.81,239.91,245.91,43.98,27.17,0.00,0.00
740,1,19.01,618.22,277.10,303.11,38.01,20.74,0.00,0.00
741,1,20.00,810.01,376.01,394.01,40.00,17.32,0.00,0.00
742,1,19.00,661.00,302.00,321.00,38.00,32.53,1.00,0.00
743,1,29.00,759.00,345.00,356.00,58.00,18.28,0.00,0.00
744,1,23.00,809.99,374.00,390.00,46.00,15.83,1.00,0.00
745,1,26.00,635.00,290.00,293.00,52.00,29.19,0.00,0.00
746,1,25.00,637.00,291.00,296.00,50.00,21.11,0.00,0.00
747,1,27.00,642.00,295.00,293.00,54.00,18.95,0.00,0.00
748,1,32.00,674.00,303.00,307.00,64.00,16.12,0.00,0.00
749,1,21.00,484.99,215.00,228.00,42.00,34.33,0.00,0.00
750,1,20.00,629.01,293.01,296.01,40.00,21.11,0.00,0.00
751,1,16.00,532.00,246.00,254.00,32.00,33.12,0.00,0.00
752,1,23.00,716.00,321.00,349.00,46.00,36.24,0.00,0.00
753,1,27.00,802.00,374.00,374.00,54.00,25.28,0.00,0.00
754,1,27.00,925.00,418.00,453.00,54.00,20.37,0.00,0.00
755,1,39.00,874.00,395.00,401.00,78.00,17.63,0.00,0.00
756,1,29.00,1037.00,470.00,509.00,58.00,21.50,0.00,0.00
757,1,33.00,1034.99,472.99,495.99,66.00,18.95,0.00,0.00
758,1,25.00,762.00,346.00,366.00,50.00,38.94,0.00,0.00
759,1,27.00,912.00,417.00,441.00,54.00,23.95,0.00,0.00
760,1,34.00,999.00,455.00,476.00,68.00,21.50,0.00,0.00
761,1,46.00,1097.02,489.01,516.01,92.00,19.65,0.00,0.00
762,1,41.00,1167.00,526.00,559.00,82.00,19.29,0.00,0.00
763,1,35.00,1135.00,518.00,547.00,70.00,21.11,1.00,0.00
764,1,47.00,1204.00,548.00,562.00,94.00,18.28,0.00,0.00
765,1,46.00,1279.99,586.00,602.00,92.00,15.55,0.00,0.00
766,1,37.00,1170.00,533.00,563.00,74.00,29.72,0.00,0.00
767,1,45.00,1235.01,564.00,581.00,90.00,20.00,0.00,0.00
768,1,45.00,1289.97,588.99,610.99,90.00,27.66,0.00,0.00
769,1,40.00,1136.00,527.00,529.00,80.00,33.12,0.00,0.00
770,1,45.00,1217.00,559.00,568.00,90.00,28.16,1.00,0.00
771,1,43.00,1500.00,692.00,722.00,86.00,18.61,0.00,0.00
772,1,52.00,1294.02,575.01,615.01,104.00,26.20,1.00,0.00
773,1,49.00,1442.00,645.00,699.00,98.00,32.53,0.00,0.00
774,1,41.00,1473.00,674.00,717.00,82.00,19.65,0.00,0.00
775,1,42.00,1324.01,604.00,636.00,84.00,28.67,0.00,0.00
776,1,46.00,1100.99,502.99,505.99,92.00,33.12,0.00,0.00
777,1,45.00,1286.01,589.01,607.01,90.00,25.28,1.00,0.00
778,1,46.00,1339.00,611.00,636.00,92.00,27.17,0.00,0.00
779,1,46.00,1462.98,671.99,698.99,92.00,18.28,0.00,0.00
780,1,53.00,1709.02,779.01,824.01,106.00,17.95,1.00,0.00
781,1,59.00,1595.98,722.99,754.99,118.00,17.32,0.00,0.00
782,1,48.98,1419.45,653.75,667.74,97.96,30.81,0.00,0.00
783,1,55.02,1592.64,725.29,757.31,110.04,18.95,0.00,0.00
784,1,68.00,1682.99,774.00,773.00,136.00,18.28,1.00,0.00
785,1,50.00,1618.01,741.00,777.00,100.00,28.16,0.00,0.00
786,1,56.00,1678.99,764.99,801.99,112.00,27.17,0.00,0.00
787,1,57.00,1568.01,711.01,742.01,115.00,23.10,0.00,0.00
788,1,67.00,1642.00,742.00,766.00,134.00,29.19,1.00,0.00
789,1,64.00,1809.96,819.98,861.98,128.00,19.29,0.00,0.00
790,1,51.00,1607.02,743.01,762.01,102.00,26.68,0.00,0.00
791,1,58.00,2093.95,960.98,1016.98,116.00,17.32,0.00,0.00
792,1,60.00,1901.05,874.02,907.02,120.00,26.20,0.00,0.00
793,1,65.00,1838.99,818.99,889.99,130.00,24.83,0.00,0.00
794,1,68.00,1526.01,682.01,708.01,136.00,28.67,0.00,0.00
795,1,78.00,2107.00,964.00,987.00,156.00,18.95,0.00,0.00
796,1,72.00,2015.00,930.00,941.00,144.00,16.12,0.00,0.00
797,1,54.00,1787.97,812.99,866.99,108.00,21.89,0.00,0.00
798,1,75.00,2107.96,965.98,991.98,150.00,17.01,0.00,0.00
799,1,82.00,2101.02,952.01,985.01,164.00,16.71,1.00,0.00
800,1,62.00,2068.03,950.01,994.01,124.00,23.10,0.00,0.00
801,1,74.00,1838.02,836.01,854.01,148.00,20.74,1.00,0.00
802,1,70.00,1984.00,897.00,947.00,140.00,23.10,0.00,0.00
803,1,80.00,2279.01,1039.00,1080.01,160.00,18.95,0.00,0.00
804,1,82.00,2291.97,1040.99,1086.99,164.00,15.00,1.00,0.00
805,1,71.00,2242.02,1027.01,1073.01,142.00,22.28,0.00,0.00
806,1,77.97,2221.26,1021.66,1043.65,155.95,17.01,1.00,0.00
807,1,74.02,2301.74,1050.34,1103.36,148.05,16.12,1.00,0.00
808,1,71.00,2272.02,1034.01,1096.01,142.00,19.29,0.00,0.00
809,1,92.00,2237.95,1009.98,1043.98,184.00,18.28,0.00,0.00
810,1,76.00,2151.03,982.01,1017.01,152.00,27.66,0.00,0.00
811,1,81.00,2535.03,1145.01,1228.01,162.00,20.37,0.00,0.00
812,1,85.00,2351.97,1074.98,1106.98,170.00,20.00,0.00,0.00
813,1,77.00,2389.01,1088.00,1147.00,154.00,22.69,0.00,0.00
814,1,90.00,2764.01,1277.01,1307.01,180.00,14.73,1.00,0.00
815,1,84.00,2496.01,1148.01,1180.01,168.00,19.29,0.00,0.00
816,1,99.00,2542.99,1149.99,1194.99,198.00,18.61,1.00,0.00
817,1,88.00,2738.02,1247.01,1315.01,176.00,20.00,0.00,0.00
818,1,85.00,2631.98,1201.99,1259.99,170.00,18.61,2.00,0.00
819,1,94.00,2629.97,1192.99,1248.99,188.00,18.61,1.00,0.00
820,1,99.00,2545.03,1160.01,1187.01,198.00,19.29,0.00,0.00
821,1,86.00,2655.98,1195.99,1287.99,172.00,19.65,0.00,0.00
822,1,90.00,2642.05,1201.02,1261.02,180.00,19.65,1.00,0.00
823,1,84.00,2657.00,1214.00,1275.00,168.00,25.28,0.00,0.00
824,1,107.97,2981.07,1363.57,1401.56,215.93,16.41,0.00,0.00
825,1,112.03,2975.88,1351.40,1400.41,224.07,17.63,0.00,0.00
826,1,103.00,2748.01,1256.00,1286.00,206.00,21.89,0.00,0.00
827,1,102.00,2760.03,1260.01,1296.01,204.00,19.65,0.00,0.00
828,1,88.00,2974.96,1360.98,1437.98,176.00,20.37,0.00,0.00
829,1,108.00,2964.97,1348.99,1399.99,216.00,18.95,0.00,0.00
830,1,95.00,2846.04,1298.02,1358.02,190.00,21.89,0.00,0.00
831,1,101.00,3026.01,1389.01,1435.01,202.00,23.10,2.00,0.00
832,1,109.00,3417.97,1538.99,1660.99,218.00,17.95,2.00,0.00
833,1,111.00,3431.05,1582.02,1627.02,222.00,15.55,2.00,0.00
834,1,119.00,3284.01,1501.00,1545.00,238.00,16.12,0.00,0.00
835,1,90.00,2904.99,1329.99,1394.99,180.00,29.19,1.00,0.00
836,1,100.00,2923.01,1333.00,1390.00,200.00,27.66,0.00,0.00
837,1,118.00,3007.00,1366.00,1405.00,236.00,19.29,0.00,0.00
838,1,109.00,3118.95,1436.98,1463.98,218.00,18.95,1.00,0.00
839,1,107.97,3112.03,1434.55,1461.55,215.93,17.32,1.00,0.00
840,1,106.03,3177.03,1448.47,1516.49,212.07,17.95,0.00,0.00
841,1,107.00,3337.00,1541.00,1582.00,214.00,17.95,1.00,0.00
842,1,104.00,3306.00,1494.00,1604.00,208.00,22.69,2.00,0.00
843,1,112.00,3569.97,1629.99,1715.98,224.00,16.71,1.00,0.00
844,1,116.00,3204.01,1487.01,1485.01,232.00,17.32,1.00,0.00
845,1,120.00,3176.02,1451.01,1485.01,240.00,24.38,0.00,0.00
846,1,120.00,3674.98,1656.99,1777.99,240.00,17.32,0.00,0.00
847,1,124.00,3464.02,1596.01,1620.01,248.00,17.95,1.00,0.00
848,1,128.00,3673.98,1692.99,1724.99,256.00,15.55,0.00,0.00
849,1,130.00,3501.98,1600.99,1640.99,260.00,17.32,0.00,0.00
850,1,122.00,3744.04,1719.02,1781.02,244.00,17.32,2.00,0.00
851,1,112.00,3619.99,1653.99,1741.99,224.00,16.41,1.00,0.00
852,1,121.97,3614.03,1650.56,1719.54,243.93,17.01,0.00,0.00
853,1,117.03,3180.87,1454.40,1492.41,234.06,17.95,0.00,0.00
854,1,120.00,3814.94,1742.97,1831.97,240.00,18.95,0.00,0.00
855,1,119.00,3475.07,1577.03,1660.04,238.01,20.37,0.00,0.00
856,1,119.00,3554.96,1611.98,1704.98,238.00,18.61,1.00,0.00
857,1,124.00,3402.03,1543.01,1611.01,248.00,17.32,0.00,0.00
858,1,118.00,3508.99,1616.99,1655.99,236.00,17.95,0.00,0.00
859,1,126.00,3443.94,1594.97,1596.97,252.00,18.61,2.00,0.00
860,1,133.00,3846.06,1734.03,1846.03,266.00,17.63,2.00,0.00
861,1,113.00,3504.97,1593.98,1684.98,226.00,27.66,2.00,0.00
862,1,136.00,3760.04,1700.02,1788.02,272.00,17.01,1.00,0.00
863,1,120.00,3397.99,1544.00,1614.00,240.00,20.37,0.00,0.00
864,1,109.00,2987.03,1367.01,1402.01,218.00,27.66,1.00,0.00
865,1,121.97,3881.90,1770.50,1867.47,243.93,18.61,1.00,0.00
866,1,135.04,4188.16,1910.53,2007.56,270.07,16.71,0.00,0.00
867,1,67.00,2197.98,1002.99,1061.99,133.00,16.12,1.00,0.00
868,1,1.00,39.00,18.00,19.00,2.00,1013.60,0.00,0.00
869,1,2.00,40.00,17.00,19.00,4.00,995.51,0.00,0.00
870,1,3.00,76.00,37.00,33.00,6.00,995.51,0.00,0.00
871,1,3.00,81.00,36.00,39.00,6.00,995.51,0.00,0.00
872,1,3.00,24.00,10.00,8.00,6.00,977.74,0.00,0.00
873,1,3.00,60.00,27.00,27.00,6.00,960.30,0.00,0.00
874,1,4.00,198.00,90.00,100.00,8.00,960.30,0.00,0.00
875,1,9.00,204.00,96.00,90.00,18.00,943.16,0.00,0.00
876,1,11.00,223.00,101.00,100.00,22.00,14.21,0.00,0.00
877,1,6.00,302.01,143.00,147.00,12.00,943.16,0.00,0.00
878,1,11.00,316.00,139.00,155.00,22.00,25.28,0.00,0.00
879,1,11.00,359.99,169.00,169.00,22.00,15.83,0.00,0.00
880,1,17.00,361.01,161.00,166.00,34.00,21.50,0.00,0.00
881,1,11.00,299.00,137.00,140.00,22.00,34.33,0.00,0.00
882,1,12.00,392.00,179.00,189.00,24.00,18.61,0.00,0.00
883,1,16.00,456.00,213.00,211.00,32.00,15.55,0.00,0.00
884,1,18.00,366.00,165.00,165.00,36.00,18.28,0.00,0.00
885,1,12.00,300.00,137.00,139.00,24.00,26.68,0.00,0.00
886,1,15.00,394.00,184.00,180.00,30.00,16.12,0.00,0.00
887,1,18.00,572.00,264.00,272.00,36.00,19.29,0.00,0.00
888,1,24.00,630.00,287.00,295.00,48.00,19.65,0.00,0.00
889,1,19.00,555.99,253.99,263.99,38.00,22.28,0.00,0.00
890,1,20.00,481.01,217.00,224.00,40.00,27.17,0.00,0.00
891,1,18.00,479.00,219.00,224.00,36.00,26.20,0.00,0.00
892,1,22.00,521.00,239.00,238.00,44.00,27.66,0.00,0.00
893,1,24.00,623.00,283.00,292.00,48.00,29.72,0.00,0.00
894,1,26.00,723.00,330.00,341.00,52.00,18.61,0.00,0.00
895,1,23.00,515.99,226.00,244.00,46.00,25.74,0.00,0.00
896,1,23.00,858.99,391.00,422.00,46.00,18.95,0.00,0.00
897,1,25.00,695.01,321.00,324.00,50.00,34.33,0.00,0.00
898,1,20.00,738.00,336.00,362.00,40.00,28.16,0.00,0.00
899,1,29.00,940.98,433.99,448.99,58.00,18.28,0.00,0.00
900,1,24.00,660.01,305.01,307.01,48.00,33.12,0.00,0.00
901,1,34.00,862.00,389.00,405.00,68.00,17.63,0.00,0.00
902,1,24.00,787.00,357.00,382.00,48.00,25.28,0.00,0.00
903,1,41.00,1044.00,472.00,490.00,82.00,12.98,0.00,0.00
904,1,31.00,880.00,407.00,411.00,62.00,16.12,0.00,0.00
905,1,38.00,931.98,422.99,432.99,76.00,19.29,0.00,0.00
906,1,40.00,1058.99,477.00,502.00,80.00,20.00,0.00,0.00
907,1,35.00,1079.03,493.01,516.01,70.00,17.01,0.00,0.00
908,1,38.00,984.00,449.00,459.00,76.00,18.61,0.00,0.00
909,1,41.00,998.01,459.00,457.00,82.00,16.71,0.00,0.00
910,1,40.00,1146.99,521.00,546.00,80.00,18.95,0.00,0.00
911,1,47.00,1139.01,518.00,527.00,94.00,14.46,0.00,0.00
912,1,39.00,941.00,421.00,442.00,78.00,27.17,0.00,0.00
913,1,29.00,1227.99,550.00,619.99,58.00,28.67,0.00,0.00
914,1,43.00,1158.01,539.01,533.01,86.00,14.21,0.00,0.00
915,1,44.00,1301.99,596.00,618.00,88.00,19.29,1.00,0.00
916,1,42.00,936.98,425.99,426.99,84.00,22.28,0.00,0.00
917,1,47.00,1351.01,617.00,640.00,94.00,15.00,0.00,0.00
918,1,40.00,1305.02,606.01,619.01,80.00,29.19,0.00,0.00
919,1,30.00,889.98,398.99,430.99,60.00,36.24,0.00,0.00
920,1,45.00,1208.03,550.01,568.01,90.00,22.28,0.00,0.00
921,1,39.99,1091.59,499.81,511.81,79.97,26.68,0.00,0.00
922,1,46.02,1469.54,672.25,705.26,92.03,17.63,0.00,0.00
923,1,54.00,1616.02,745.01,763.01,108.00,16.71,0.00,0.00
924,1,44.00,1636.99,752.00,797.00,88.00,25.28,0.00,0.00
925,1,54.00,1702.98,787.99,806.99,108.00,16.12,0.00,0.00
926,1,57.00,1629.00,744.00,771.00,114.00,15.83,1.00,0.00
927,1,45.00,1355.01,617.00,648.00,90.00,28.67,0.00,0.00
928,1,64.00,1759.99,794.99,836.99,128.00,21.89,1.00,0.00
929,1,56.00,1609.01,736.01,761.01,112.00,20.00,1.00,0.00
930,1,61.00,1753.99,802.00,830.00,122.00,23.52,0.00,0.00
931,1,61.00,1995.02,900.01,973.01,122.00,17.01,0.00,0.00
932,1,60.00,1848.97,842.99,885.99,120.00,16.12,0.00,0.00
933,1,73.00,2040.02,934.01,960.01,146.00,14.73,1.00,0.00
934,1,60.00,1835.99,847.00,869.00,120.00,18.28,1.00,0.00
935,1,62.00,1603.01,726.01,753.01,124.00,25.28,0.00,0.00
936,1,59.00,1969.99,890.00,961.00,119.00,17.63,0.00,0.00
937,1,65.00,2061.00,957.00,974.00,130.00,15.55,0.00,0.00
938,1,69.00,2023.00,923.00,962.00,138.00,17.63,1.00,0.00
939,1,67.00,1743.01,798.00,811.00,134.00,23.10,0.00,0.00
940,1,69.00,1911.99,878.99,894.99,138.00,18.61,0.00,0.00
941,1,79.00,2103.00,962.00,983.00,158.00,15.55,0.00,0.00
942,1,58.00,1819.99,811.99,891.99,116.00,27.17,1.00,0.00
943,1,69.00,1861.00,864.00,859.00,138.00,17.01,1.00,0.00
944,1,45.00,1579.02,722.01,767.01,90.00,26.20,0.00,0.00
945,1,49.00,1554.96,713.98,742.98,98.00,24.38,0.00,0.00
946,1,62.97,2004.16,927.61,950.60,125.95,20.37,0.00,0.00
947,1,69.03,1762.78,798.35,826.36,138.06,26.20,0.00,0.00
948,1,58.00,1627.00,745.00,766.00,116.00,27.66,2.00,0.00
949,1,71.00,2101.97,960.99,998.98,142.00,18.95,1.00,0.00
950,1,59.00,1725.02,780.01,827.01,118.00,25.74,0.00,0.00
951,1,66.00,2188.02,999.01,1058.01,131.00,18.61,1.00,0.00
952,1,71.00,2340.97,1078.99,1118.99,143.00,17.32,0.00,0.00
953,1,73.00,2308.03,1050.01,1112.01,146.00,17.95,2.00,0.00
954,1,74.00,2041.00,936.00,957.00,148.00,19.29,0.00,0.00
955,1,85.00,2114.00,971.00,973.00,170.00,18.61,0.00,0.00
956,1,71.00,2097.99,968.00,988.00,142.00,19.65,1.00,0.00
957,1,88.00,2153.00,981.00,996.00,176.00,17.63,3.00,0.00
958,1,69.00,2252.99,1034.00,1081.00,138.00,18.61,0.00,0.00
959,1,74.00,2075.01,943.01,984.01,148.00,18.95,1.00,0.00
960,1,73.00,2094.99,958.00,992.00,145.00,20.74,0.00,0.00
961,1,84.00,2259.99,1038.00,1053.00,169.00,19.29,0.00,0.00
962,1,91.00,2164.00,986.00,996.00,182.00,18.28,0.00,0.00
963,1,65.00,1980.96,910.98,939.98,130.00,25.28,0.00,0.00
964,1,79.00,2291.03,1043.01,1090.02,158.00,17.95,1.00,0.00
965,1,71.00,1868.00,852.00,874.00,142.00,27.17,1.00,0.00
966,1,71.00,2097.99,971.00,985.00,142.00,18.61,0.00,0.00
967,1,89.00,2205.00,1009.00,1018.00,178.00,17.32,0.00,0.00
968,1,81.97,2334.27,1049.67,1120.65,163.95,21.50,0.00,0.00
969,1,92.03,2573.78,1177.36,1212.37,184.06,15.00,1.00,0.00
970,1,84.00,2504.03,1145.01,1191.01,168.00,18.28,0.00,0.00
971,1,92.00,2447.00,1115.00,1148.00,184.00,18.61,0.00,0.00
972,1,73.00,2309.01,1058.00,1105.00,146.00,23.52,1.00,0.00
973,1,103.00,2294.97,1045.98,1042.98,206.00,17.95,1.00,0.00
974,1,81.00,2358.98,1074.99,1121.99,162.00,19.65,0.00,0.00
975,1,84.00,2726.07,1239.03,1319.03,168.00,18.28,0.00,0.00
976,1,72.00,2521.97,1163.98,1213.98,144.00,23.10,1.00,0.00
977,1,82.00,2310.02,1052.01,1094.01,164.00,19.65,0.00,0.00
978,1,89.00,2729.97,1254.99,1296.99,178.00,18.28,0.00,0.00
979,1,95.00,2940.03,1343.01,1407.01,190.00,15.55,1.00,0.00
980,1,92.00,2845.96,1299.98,1361.98,184.00,17.32,1.00,0.00
981,1,88.00,2522.04,1154.02,1192.02,176.00,19.29,0.00,0.00
982,1,94.00,2779.99,1266.99,1324.99,188.00,18.28,0.00,0.00
983,1,94.00,2974.98,1374.99,1411.99,188.00,14.21,0.00,0.00
984,1,104.00,2896.96,1323.98,1364.98,208.00,17.32,0.00,0.00
985,1,79.97,2098.33,954.69,983.69,159.95,25.74,0.00,0.00
986,1,91.03,2449.85,1122.39,1145.40,182.06,25.28,0.00,0.00
987,1,96.00,2637.00,1205.00,1240.00,192.00,18.28,0.00,0.00
988,1,109.00,2919.98,1315.99,1385.99,218.00,18.61,1.00,0.00
989,1,101.00,3193.01,1460.00,1531.00,202.00,17.01,0.00,0.00
990,1,96.00,2984.98,1355.99,1436.99,192.00,17.63,0.00,0.00
991,1,99.00,2726.02,1238.01,1290.01,198.00,23.95,0.00,0.00
992,1,112.00,2803.00,1283.00,1296.00,224.00,20.37,1.00,0.00
993,1,98.00,2957.97,1348.99,1412.99,196.00,20.37,0.00,0.00
994,1,115.00,3049.98,1388.99,1430.99,230.00,18.95,2.00,0.00
995,1,92.00,3087.04,1417.02,1486.02,184.00,19.65,0.00,0.00
996,1,115.00,3455.00,1585.00,1640.00,230.00,14.73,0.00,0.00
997,1,108.00,3214.98,1478.99,1519.99,216.00,17.63,0.00,0.00
998,1,112.00,3105.01,1410.01,1471.01,224.00,22.28,0.00,0.00
999,1,113.00,3098.00,1411.00,1461.00,226.00,18.28,0.00,0.00
1000,1,106.96,3197.84,1459.47,1525.45,212.92,22.69,0.00,0.00
1001,1,115.04,3287.14,1501.52,1554.54,231.08,18.61,0.00,0.00
1002,1,125.00,3669.08,1682.04,1737.04,250.01,15.27,0.00,0.00
1003,1,117.00,3410.00,1576.00,1600.00,234.00,15.83,1.00,0.00
1004,1,130.00,3733.99,1703.99,1769.99,260.00,15.27,0.00,0.00
1005,1,120.00,3354.01,1538.00,1576.00,240.00,17.95,0.00,0.00
1006,1,116.00,3286.98,1506.99,1547.99,232.00,17.95,2.00,0.00
1007,1,125.00,3831.03,1764.01,1817.01,250.00,14.73,0.00,0.00
1008,1,118.00,3652.98,1675.99,1740.99,236.00,17.95,2.00,0.00
1009,1,106.00,3269.02,1476.01,1581.01,212.00,22.69,0.00,0.00
1010,1,116.00,3354.94,1539.97,1582.97,232.00,17.01,2.00,0.00
1011,1,127.00,3919.00,1791.00,1874.00,254.00,15.27,2.00,0.00
1012,1,104.00,3430.01,1573.01,1649.01,208.00,20.37,1.00,0.00
1013,1,116.96,3108.95,1421.52,1453.51,233.92,21.89,0.00,0.00
1014,1,115.04,3388.20,1541.55,1616.57,230.08,22.69,0.00,0.00
1015,1,136.00,3852.97,1765.99,1814.99,272.00,15.83,0.00,0.00
1016,1,129.00,4114.99,1894.00,1963.00,258.00,15.83,2.00,0.00
1017,1,133.00,4028.03,1835.01,1927.02,266.00,17.63,0.00,0.00
1018,1,131.00,3625.98,1651.99,1711.99,262.00,18.95,0.00,0.00
1019,1,139.00,4107.02,1871.01,1958.01,278.00,17.32,0.00,0.00
1020,1,124.00,4098.99,1888.00,1963.00,248.00,17.63,0.00,0.00
1021,1,126.00,3354.95,1540.98,1561.98,252.00,26.68,0.00,0.00
1022,1,131.00,3739.08,1700.04,1777.04,262.01,17.95,1.00,0.00
1023,1,140.00,4120.97,1872.99,1967.99,280.00,17.32,1.00,0.00
1024,1,90.00,2088.98,936.99,972.99,179.00,17.95,0.00,0.00
1025,1,3.00,63.00,28.00,29.00,6.00,995.51,0.00,0.00
1026,1,2.00,77.00,36.00,37.00,4.00,995.51,0.00,0.00
1027,1,2.00,114.00,54.00,56.00,4.00,995.51,0.00,0.00
1028,1,2.00,119.00,52.00,63.00,4.00,977.74,0.00,0.00
1029,1,3.00,141.00,66.00,69.00,6.00,977.74,0.00,0.00
1030,1,5.00,137.00,61.00,66.00,10.00,960.30,0.00,0.00
1031,1,4.00,148.00,66.00,74.00,8.00,977.74,0.00,0.00
1032,1,6.00,192.00,89.00,91.00,12.00,960.30,0.00,0.00
1033,1,8.00,202.00,88.00,98.00,16.00,977.74,0.00,0.00
1034,1,4.00,157.00,74.00,75.00,8.00,960.30,0.00,0.00
1035,1,10.00,280.00,128.00,132.00,20.00,960.30,0.00,0.00
1036,1,11.00,302.00,137.00,143.00,22.00,22.28,0.00,0.00
1037,1,14.00,404.00,182.00,194.00,28.00,16.41,0.00,0.00
1038,1,9.00,364.00,164.00,182.00,18.00,909.80,0.00,0.00
1039,1,12.99,425.78,194.90,204.90,25.99,21.11,0.00,0.00
1040,1,12.01,329.17,149.08,156.08,24.01,27.66,0.00,0.00
1041,1,15.00,487.00,222.00,235.00,30.00,18.95,1.00,0.00
1042,1,24.00,577.00,261.00,268.00,48.00,15.83,0.00,0.00
1043,1,20.00,462.00,211.00,211.00,40.00,18.61,0.00,0.00
1044,1,21.00,469.00,210.00,217.00,42.00,20.37,0.00,0.00
1045,1,15.00,481.00,224.00,227.00,30.00,23.52,0.00,0.00
1046,1,18.00,533.00,231.00,266.00,36.00,25.28,0.00,0.00
1047,1,23.00,615.01,278.00,291.00,46.00,20.74,0.00,0.00
1048,1,26.00,675.99,319.00,305.00,52.00,21.11,0.00,0.00
1049,1,31.00,737.01,341.00,334.00,62.00,11.45,0.00,0.00
1050,1,30.00,799.00,367.00,372.00,60.00,15.27,0.00,0.00
1051,1,33.00,752.00,343.00,343.00,66.00,18.61,1.00,0.00
1052,1,25.00,715.00,322.00,343.00,50.00,30.26,0.00,0.00
1053,1,26.00,852.00,378.00,422.00,52.00,21.11,0.00,0.00
1054,1,29.00,894.01,408.00,428.00,58.00,19.29,0.00,0.00
1055,1,34.00,914.00,418.00,428.00,68.00,15.55,0.00,0.00
1056,1,38.00,1001.98,462.99,462.99,76.00,14.46,0.00,0.00
1057,1,44.00,944.01,434.01,422.01,88.00,18.61,0.00,0.00
1058,1,31.00,947.00,432.00,453.00,62.00,19.65,0.00,0.00
1059,1,29.00,927.99,424.00,446.00,58.00,22.28,0.00,0.00
1060,1,30.00,871.00,395.00,416.00,60.00,23.95,0.00,0.00
1061,1,42.00,1108.01,499.00,525.00,84.00,18.28,1.00,0.00
1062,1,49.00,881.00,395.00,388.00,98.00,17.01,0.00,0.00
1063,1,36.00,1183.00,524.00,587.00,72.00,15.83,1.00,0.00
1064,1,41.00,1175.00,546.00,547.00,82.00,14.46,0.00,0.00
1065,1,35.00,1229.97,561.99,597.99,70.00,16.41,0.00,0.00
1066,1,37.00,1279.02,580.01,625.01,74.00,17.01,0.00,0.00
1067,1,46.00,1271.01,575.00,604.00,92.00,14.73,0.00,0.00
1068,1,51.00,1152.00,527.00,523.00,102.00,13.95,0.00,0.00
1069,1,38.00,1023.98,457.99,489.99,76.00,23.10,0.00,0.00
1070,1,36.00,930.01,419.00,439.00,72.00,26.20,0.00,0.00
1071,1,42.00,972.00,455.00,433.00,84.00,23.10,1.00,0.00
1072,1,49.00,1076.00,503.00,475.00,98.00,21.11,0.00,0.00
1073,1,48.00,1231.01,565.00,570.00,96.00,17.63,0.00,0.00
1074,1,31.00,993.00,456.00,475.00,62.00,23.10,1.00,0.00
1075,1,35.00,1161.01,529.00,562.00,70.00,23.52,0.00,0.00
1076,1,46.00,1348.00,603.00,653.00,92.00,18.95,0.00,0.00
1077,1,45.00,1084.00,491.00,503.00,90.00,23.10,0.00,0.00
1078,1,46.00,1102.00,505.00,505.00,92.00,25.74,0.00,0.00
1079,1,53.00,1394.00,638.00,650.00,106.00,13.95,0.00,0.00
1080,1,38.00,1267.00,579.00,612.00,76.00,24.83,0.00,0.00
1081,1,35.00,1159.98,529.99,559.99,70.00,27.17,0.00,0.00
1082,1,52.00,1254.02,570.01,580.01,104.00,21.50,0.00,0.00
1083,1,40.00,1337.01,598.00,659.00,80.00,20.00,0.00,0.00
1084,1,47.00,1488.99,682.00,713.00,94.00,20.37,0.00,0.00
1085,1,50.98,1481.46,681.75,697.75,101.96,18.28,0.00,0.00
1086,1,46.02,1329.48,609.22,628.23,92.03,28.16,0.00,0.00
1087,1,53.00,1676.01,769.00,801.00,106.00,17.95,0.00,0.00
1088,1,38.00,1226.99,566.00,585.00,76.00,28.16,0.00,0.00
1089,1,67.00,1721.02,798.01,789.01,134.00,14.21,0.00,0.00
1090,1,55.00,1662.99,750.99,801.99,110.00,18.95,0.00,0.00
1091,1,49.00,1474.00,666.00,710.00,98.00,24.38,1.00,0.00
1092,1,54.00,1542.01,708.00,726.00,108.00,20.37,0.00,0.00
1093,1,64.00,1752.00,807.00,817.00,128.00,18.28,1.00,0.00
1094,1,57.00,1862.00,855.00,892.00,115.00,16.12,0.00,0.00
1095,1,60.00,1829.00,847.00,862.00,120.00,16.12,0.00,0.00
1096,1,63.00,1868.98,855.99,886.99,126.00,17.63,0.00,0.00
1097,1,62.00,1765.01,818.00,823.00,124.00,14.46,1.00,0.00
1098,1,61.00,2014.02,926.01,966.01,122.00,15.83,0.00,0.00
1099,1,71.00,1942.00,886.00,914.00,142.00,15.83,1.00,0.00
1100,1,75.00,1899.00,860.00,889.00,150.00,15.55,0.00,0.00
1101,1,71.00,2020.97,915.99,962.99,142.00,15.27,0.00,0.00
1102,1,55.00,1642.99,751.00,782.00,110.00,22.28,0.00,0.00
1103,1,67.00,1649.02,754.01,761.01,134.00,17.63,0.00,0.00
1104,1,65.00,1829.99,832.99,866.99,130.00,22.28,0.00,0.00
1105,1,59.00,1671.02,763.01,790.01,118.00,22.28,0.00,0.00
1106,1,74.00,1963.99,894.99,920.99,148.00,18.61,0.00,0.00
1107,1,74.00,2072.99,951.00,974.00,148.00,17.32,0.00,0.00
1108,1,76.00,2059.02,944.01,963.01,152.00,17.95,0.00,0.00
1109,1,67.00,2010.00,919.00,957.00,134.00,17.32,1.00,0.00
1110,1,76.00,1964.01,891.00,921.00,152.00,18.95,1.00,0.00
1111,1,66.98,2105.34,964.70,1006.68,133.96,18.28,0.00,0.00
1112,1,74.02,1994.60,905.27,941.28,148.04,17.95,0.00,0.00
1113,1,79.00,1865.00,841.00,866.00,158.00,24.83,1.00,0.00
1114,1,72.00,2063.02,939.01,980.01,144.00,22.69,1.00,0.00
1115,1,65.00,2126.00,978.00,1018.00,130.00,21.50,0.00,0.00
1116,1,86.00,2365.98,1072.99,1120.99,172.00,17.63,2.00,0.00
1117,1,70.00,1970.00,911.00,919.00,140.00,23.52,0.00,0.00
1118,1,78.00,2369.98,1076.99,1136.99,156.00,16.71,0.00,0.00
1119,1,80.00,2170.02,995.01,1015.01,160.00,17.63,0.00,0.00
1120,1,83.00,2042.01,942.00,934.00,166.00,16.41,0.00,0.00
1121,1,78.00,2160.98,984.99,1019.99,156.00,18.95,0.00,0.00
1122,1,66.00,1978.03,896.01,950.01,132.00,23.52,0.00,0.00
1123,1,63.00,1885.97,853.98,905.98,126.00,24.38,0.00,0.00
1124,1,73.00,1968.03,892.01,930.01,146.00,23.10,1.00,0.00
1125,1,77.00,2621.00,1209.00,1258.00,154.00,17.95,1.00,0.00
1126,1,71.00,2269.00,1026.00,1102.00,141.00,21.11,0.00,0.00
1127,1,94.00,2537.01,1158.01,1190.01,189.00,16.71,1.00,0.00
1128,1,83.00,2311.99,1053.99,1091.99,166.00,24.38,1.00,0.00
1129,1,92.00,2251.01,1012.00,1055.00,184.00,18.95,0.00,0.00
1130,1,77.00,2465.01,1135.00,1176.00,154.00,20.74,1.00,0.00
1131,1,87.97,2433.15,1105.61,1151.60,175.94,21.50,2.00,0.00
1132,1,84.03,2611.85,1189.39,1254.41,168.05,18.61,0.00,0.00
1133,1,86.00,2407.01,1097.01,1138.01,172.00,21.50,0.00,0.00
1134,1,76.00,2389.02,1080.01,1157.01,152.00,23.52,0.00,0.00
1135,1,96.00,2627.00,1192.00,1243.00,192.00,17.32,2.00,0.00
1136,1,94.00,2911.00,1340.00,1383.00,188.00,15.00,1.00,0.00
1137,1,95.00,2965.01,1373.01,1402.01,190.00,16.71,1.00,0.00
1138,1,98.00,2613.99,1183.99,1233.99,196.00,18.28,0.00,0.00
1139,1,108.00,2797.97,1275.99,1305.99,216.00,15.83,1.00,0.00
1140,1,94.00,2714.02,1240.01,1286.01,188.00,16.71,0.00,0.00
1141,1,87.00,2641.01,1203.01,1264.01,174.00,25.28,0.00,0.00
1142,1,94.00,2704.01,1230.00,1286.00,188.00,18.95,1.00,0.00
1143,1,104.00,2770.01,1270.00,1292.00,208.00,17.63,0.00,0.00
1144,1,101.00,2808.00,1284.00,1322.00,202.00,17.63,0.00,0.00
1145,1,103.00,2989.00,1376.00,1407.00,206.00,18.28,1.00,0.00
1146,1,115.00,3072.93,1394.97,1447.97,229.99,17.01,1.00,0.00
1147,1,103.00,2936.04,1353.02,1377.02,206.00,16.41,0.00,0.00
1148,1,93.97,2938.13,1358.60,1391.59,187.94,18.95,1.00,0.00
1149,1,92.03,2673.81,1236.38,1253.38,184.06,18.28,1.00,0.00
1150,1,105.00,3084.94,1396.97,1477.97,210.00,18.95,0.00,0.00
1151,1,106.00,3014.06,1366.03,1436.03,212.00,18.95,1.00,0.00
1152,1,98.00,2993.01,1353.00,1444.00,196.00,21.50,0.00,0.00
1153,1,114.00,3068.98,1402.99,1437.99,228.00,17.63,0.00,0.00
1154,1,106.00,3383.01,1540.00,1631.00,212.00,17.95,1.00,0.00
1155,1,111.00,3230.00,1473.00,1535.00,222.00,17.95,0.00,0.00
1156,1,110.00,3173.01,1447.00,1506.00,220.00,18.95,0.00,0.00
1157,1,112.00,3514.98,1609.99,1680.99,224.00,15.83,0.00,0.00
1158,1,125.00,3573.00,1650.00,1673.00,250.00,15.83,0.00,0.00
1159,1,96.00,3153.01,1426.00,1535.00,192.00,18.28,0.00,0.00
1160,1,125.00,3613.98,1664.99,1698.99,250.00,14.46,0.00,0.00
1161,1,128.00,3531.98,1599.99,1675.99,256.00,17.63,1.00,0.00
1162,1,114.97,3776.99,1742.53,1804.52,229.94,14.73,0.00,0.00
1163,1,113.03,3103.87,1407.39,1470.41,226.06,18.95,1.00,0.00
1164,1,119.00,3409.02,1554.01,1617.01,238.00,18.61,1.00,0.00
1165,1,110.00,2932.95,1329.98,1382.98,220.00,23.10,2.00,0.00
1166,1,117.00,3226.03,1469.01,1523.01,234.00,17.95,0.00,0.00
1167,1,129.00,3420.01,1564.00,1598.00,258.00,17.32,2.00,0.00
1168,1,102.00,3292.00,1511.00,1577.00,204.00,21.89,0.00,0.00
1169,1,116.00,3284.00,1501.00,1551.00,232.00,23.52,1.00,0.00
1170,1,111.00,3229.94,1462.97,1544.97,222.00,19.65,0.00,0.00
1171,1,118.00,3352.04,1534.02,1582.02,236.00,18.95,0.00,0.00
1172,1,116.00,3399.01,1549.00,1618.00,232.00,17.95,2.00,0.00
1173,1,147.00,3578.99,1616.00,1669.00,294.00,17.63,0.00,0.00
1174,1,108.00,3212.01,1464.00,1532.00,216.00,21.50,0.00,0.00
1175,1,137.95,3869.68,1776.39,1817.38,275.91,16.41,0.00,0.00
1176,1,132.04,3862.29,1746.58,1851.62,264.09,18.61,1.00,0.00
1177,1,146.00,4252.99,1928.00,2033.00,292.00,16.12,1.00,0.00
1178,1,144.00,3951.05,1799.02,1864.02,288.00,16.71,1.00,0.00
1179,1,153.00,4128.00,1878.00,1944.00,306.00,15.27,0.00,0.00
1180,1,156.00,4109.91,1885.96,1911.96,311.99,14.46,0.00,0.00
1181,1,144.00,4219.00,1934.00,1997.00,288.00,15.27,0.00,0.00
1182,1,135.00,3719.05,1706.02,1743.02,270.00,17.95,0.00,0.00
1183,1,142.00,3691.99,1691.00,1717.00,284.00,18.28,0.00,0.00
1184,1,153.00,4004.01,1826.01,1872.01,306.00,16.12,0.00,0.00
1185,1,130.00,3963.91,1808.96,1894.96,259.99,18.61,3.00,0.00
1186,1,122.95,4134.31,1883.23,2005.18,245.90,17.63,0.00,0.00
1187,1,151.07,4267.85,1960.85,2004.87,302.13,14.21,1.00,0.00
1188,1,156.00,4556.98,2097.99,2146.99,312.00,13.70,0.00,0.00
1189,1,147.00,4018.96,1833.98,1890.98,294.00,17.95,0.00,0.00
1190,1,141.00,3933.05,1799.02,1852.03,282.00,17.95,1.00,0.00
1191,1,92.00,2478.94,1137.97,1157.97,183.00,12.98,0.00,0.00
1192,1,1.00,11.00,5.00,4.00,2.00,995.51,0.00,0.00
1193,1,1.00,11.00,5.00,4.00,2.00,995.51,0.00,0.00
1194,1,1.00,39.00,18.00,19.00,2.00,1013.60,0.00,0.00
1195,1,2.00,66.00,31.00,31.00,4.00,995.51,0.00,0.00
1196,1,2.00,70.00,32.00,34.00,4.00,995.51,0.00,0.00
1197,1,3.00,96.00,44.00,46.00,6.00,977.74,0.00,0.00
1198,1,3.00,89.00,42.00,41.00,6.00,995.51,0.00,0.00
1199,1,4.00,133.00,62.00,63.00,8.00,995.51,0.00,0.00
1200,1,7.00,153.00,64.00,75.00,14.00,960.30,0.00,0.00
1201,1,5.00,241.00,113.00,118.00,10.00,960.30,0.00,0.00
1202,1,6.00,232.00,107.00,113.00,12.00,943.16,0.00,0.00
1203,1,7.00,196.01,90.00,92.00,14.00,943.16,0.00,0.00
1204,1,13.00,221.00,98.00,97.00,26.00,27.66,0.00,0.00
1205,1,9.00,321.00,145.00,158.00,18.00,909.80,0.00,0.00
1206,1,9.00,314.00,137.00,159.00,18.00,909.80,0.00,0.00
1207,1,7.00,294.00,139.00,141.00,14.00,926.33,0.00,0.00
1208,1,13.00,428.00,194.00,208.00,26.00,19.29,0.00,0.00
1209,1,11.00,316.00,147.00,147.00,22.00,31.37,0.00,0.00
1210,1,17.00,440.00,197.00,209.00,34.00,20.37,0.00,0.00
1211,1,12.00,342.00,154.00,164.00,24.00,34.95,0.00,0.00
1212,1,16.00,370.00,164.00,174.00,32.00,25.74,0.00,0.00
1213,1,14.00,392.00,176.00,188.00,28.00,30.26,0.00,0.00
1214,1,18.00,575.00,267.00,272.00,36.00,12.98,0.00,0.00
1215,1,26.00,457.00,207.00,198.00,52.00,21.89,0.00,0.00
1216,1,13.00,427.00,199.00,202.00,26.00,23.52,0.00,0.00
1217,1,15.00,542.99,251.99,260.99,30.00,22.28,0.00,0.00
1218,1,27.00,588.01,268.00,266.00,54.00,18.95,0.00,0.00
1219,1,27.00,725.00,332.00,339.00,54.00,19.65,0.00,0.00
1220,1,26.00,723.00,326.00,345.00,52.00,17.95,0.00,0.00
1221,1,25.00,765.00,351.00,364.00,50.00,15.00,0.00,0.00
1222,1,29.00,723.99,325.00,341.00,58.00,17.63,0.00,0.00
1223,1,29.00,743.01,342.00,343.00,58.00,14.21,0.00,0.00
1224,1,24.00,627.00,290.00,289.00,48.00,24.83,0.00,0.00
1225,1,29.00,598.00,269.00,271.00,58.00,22.69,0.00,0.00
1226,1,29.00,817.00,374.00,385.00,58.00,24.83,0.00,0.00
1227,1,33.00,918.00,416.00,436.00,66.00,12.52,0.00,0.00
1228,1,26.00,802.99,362.00,388.99,52.00,21.50,0.00,0.00
1229,1,24.00,790.01,348.00,394.00,48.00,23.52,0.00,0.00
1230,1,29.00,937.01,427.00,452.00,58.00,18.61,0.00,0.00
1231,1,28.00,759.00,347.00,356.00,56.00,26.20,0.00,0.00
1232,1,29.00,861.00,392.00,411.00,58.00,16.71,0.00,0.00
1233,1,34.00,967.00,450.00,449.00,68.00,13.70,0.00,0.00
1234,1,33.00,826.00,376.00,384.00,66.00,20.00,1.00,0.00
1235,1,28.00,950.00,426.00,468.00,56.00,22.28,0.00,0.00
1236,1,37.00,1042.00,469.00,499.00,74.00,19.29,1.00,0.00
1237,1,36.00,1025.90,465.95,487.95,71.99,19.29,0.00,0.00
1238,1,32.00,801.06,371.03,366.03,64.00,23.52,0.00,0.00
1239,1,41.00,1028.02,462.01,484.01,82.00,20.37,0.00,0.00
1240,1,33.99,926.64,423.83,434.83,67.97,23.52,0.00,0.00
1241,1,31.01,865.34,393.16,410.16,62.02,23.95,0.00,0.00
1242,1,44.00,1257.00,570.00,599.00,88.00,18.61,0.00,0.00
1243,1,35.00,1160.99,529.00,562.00,70.00,27.17,0.00,0.00
1244,1,37.00,1187.00,545.00,568.00,74.00,18.95,0.00,0.00
1245,1,36.00,1212.01,557.00,583.00,72.00,20.37,1.00,0.00
1246,1,45.00,1297.99,583.00,625.00,90.00,18.61,0.00,0.00
1247,1,46.00,1503.01,689.00,722.00,92.00,17.32,1.00,0.00
1248,1,53.00,1541.97,705.99,729.99,106.00,14.46,0.00,0.00
1249,1,58.00,1291.02,584.01,591.01,116.00,20.00,0.00,0.00
1250,1,50.00,1537.01,689.00,748.00,100.00,18.61,0.00,0.00
1251,1,44.00,1492.00,696.00,708.00,88.00,14.46,0.00,0.00
1252,1,55.00,1544.97,700.99,733.99,110.00,17.01,1.00,0.00
1253,1,45.00,1494.01,675.00,729.00,90.00,17.95,0.00,0.00
1254,1,54.00,1329.01,599.00,622.01,108.00,19.65,0.00,0.00
1255,1,55.00,1590.99,729.00,752.00,110.00,17.01,0.00,0.00
1256,1,57.00,1632.01,745.00,773.00,114.00,14.46,0.00,0.00
1257,1,53.00,1437.00,657.00,674.00,106.00,17.63,0.00,0.00
1258,1,49.00,1446.98,661.99,686.99,98.00,25.28,0.00,0.00
1259,1,61.00,1724.02,777.01,825.01,122.00,16.12,0.00,0.00
1260,1,58.00,1705.00,775.00,814.00,116.00,17.01,0.00,0.00
1261,1,64.00,1674.99,750.99,795.99,128.00,17.63,0.00,0.00
1262,1,55.00,1712.01,788.00,814.00,110.00,15.55,0.00,0.00
1263,1,57.00,1743.01,807.00,822.00,114.00,18.61,0.00,0.00
1264,1,53.00,1555.01,711.00,737.00,107.00,21.89,0.00,0.00
1265,1,49.00,1541.99,700.99,742.99,98.00,19.29,0.00,0.00
1266,1,53.00,1329.98,606.99,616.99,106.00,20.74,0.00,0.00
1267,1,60.00,1812.04,829.02,863.02,120.00,15.55,1.00,0.00
1268,1,52.00,1588.99,716.99,767.99,104.00,18.95,0.00,0.00
1269,1,56.00,1578.99,733.99,732.99,112.00,20.37,0.00,0.00
1270,1,58.98,1726.36,790.71,817.70,117.96,16.71,0.00,0.00
1271,1,69.03,1749.68,801.31,810.32,138.05,15.55,0.00,0.00
1272,1,61.00,1619.99,741.00,757.00,122.00,19.65,0.00,0.00
1273,1,61.00,1729.99,787.00,820.99,122.00,20.00,0.00,0.00
1274,1,59.00,1628.00,746.00,764.00,118.00,23.95,2.00,0.00
1275,1,65.00,1849.00,849.00,870.00,130.00,17.63,1.00,0.00
1276,1,58.00,1973.00,911.00,946.00,116.00,17.63,0.00,0.00
1277,1,64.00,2034.01,918.01,988.01,128.00,17.95,0.00,0.00
1278,1,61.00,1791.99,824.00,846.00,122.00,23.10,0.00,0.00
1279,1,58.00,2010.01,910.01,984.01,116.00,20.00,0.00,0.00
1280,1,67.00,2206.99,1002.99,1069.99,134.00,17.01,1.00,0.00
1281,1,77.00,2068.00,944.00,970.00,154.00,17.95,2.00,0.00
1282,1,72.00,2156.97,995.98,1016.98,144.00,17.95,0.00,0.00
1283,1,77.00,2375.05,1078.02,1143.03,154.00,17.95,0.00,0.00
1284,1,74.00,2202.98,1008.99,1045.99,148.00,17.95,2.00,0.00
1285,1,73.00,2068.98,937.99,984.99,146.00,18.61,0.00,0.00
1286,1,81.00,2438.04,1100.02,1177.02,161.00,17.01,0.00,0.00
1287,1,69.00,2182.99,983.00,1061.00,139.00,22.28,0.00,0.00
1288,1,78.00,2404.01,1105.00,1143.00,156.00,16.41,1.00,0.00
1289,1,82.00,2267.98,1039.99,1063.99,164.00,18.61,0.00,0.00
1290,1,85.00,2410.02,1093.01,1147.01,170.00,17.32,0.00,0.00
1291,1,73.00,2548.00,1167.00,1235.00,146.00,17.95,0.00,0.00
1292,1,81.98,2464.29,1117.68,1182.66,163.95,18.95,0.00,0.00
1293,1,94.02,2587.68,1187.31,1212.32,188.05,14.46,0.00,0.00
1294,1,89.00,2379.04,1085.02,1116.02,178.00,18.28,0.00,0.00
1295,1,92.00,2480.00,1131.00,1165.00,184.00,18.28,1.00,0.00
1296,1,74.00,2067.98,947.99,971.99,148.00,23.10,0.00,0.00
1297,1,91.00,2541.02,1162.01,1197.01,182.00,15.83,0.00,0.00
1298,1,90.00,2295.00,1052.00,1063.00,180.00,18.61,1.00,0.00
1299,1,102.00,2457.01,1120.00,1134.00,203.00,16.71,0.00,0.00
1300,1,87.00,2823.99,1281.00,1368.00,175.00,17.01,0.00,0.00
1301,1,87.00,2629.98,1201.99,1253.99,174.00,16.71,0.00,0.00
1302,1,92.00,2522.01,1136.01,1202.01,184.00,17.63,0.00,0.00
1303,1,92.00,2559.01,1163.00,1212.00,184.00,17.63,1.00,0.00
1304,1,87.00,2732.99,1254.00,1305.00,174.00,16.71,0.00,0.00
1305,1,92.98,2735.42,1254.73,1294.73,185.96,15.27,1.00,0.00
1306,1,98.02,2668.53,1213.24,1259.25,196.04,16.71,0.00,0.00
1307,1,98.00,2595.01,1157.01,1242.01,196.00,18.95,0.00,0.00
1308,1,100.00,2772.01,1280.01,1292.01,200.00,15.27,0.00,0.00
1309,1,97.97,2432.15,1113.61,1122.61,195.93,18.95,0.00,0.00
1310,1,83.03,2179.77,994.35,1019.36,166.06,23.52,0.00,0.00
1311,1,93.00,2833.99,1298.00,1350.00,186.00,16.71,0.00,0.00
1312,1,90.00,2460.98,1124.99,1155.99,180.00,22.28,0.00,0.00
1313,1,110.00,2683.02,1223.01,1240.01,220.00,17.95,0.00,0.00
1314,1,110.00,2749.99,1247.00,1283.00,220.00,16.12,0.00,0.00
1315,1,107.00,2971.02,1361.01,1396.01,214.00,16.12,0.00,0.00
1316,1,91.00,2544.99,1158.99,1203.99,182.00,21.89,0.00,0.00
1317,1,96.00,2426.00,1110.00,1124.00,192.00,20.37,1.00,0.00
1318,1,102.00,2760.03,1256.02,1300.02,204.00,17.63,1.00,0.00
1319,1,103.00,3089.99,1414.00,1470.00,206.00,13.95,0.00,0.00
1320,1,96.00,2646.01,1193.00,1261.00,192.00,18.61,0.00,0.00
1321,1,92.00,2779.99,1264.99,1330.99,184.00,17.32,1.00,0.00
1322,1,95.00,2744.00,1259.00,1295.00,190.00,17.95,0.00,0.00
1323,1,106.00,2833.98,1292.99,1328.99,212.00,17.95,2.00,0.00
1324,1,89.00,2629.02,1201.01,1250.01,178.00,20.37,0.00,0.00
1325,1,90.00,2901.99,1326.00,1396.00,180.00,18.61,0.00,0.00
1326,1,106.97,2737.25,1243.66,1279.65,213.94,18.61,0.00,0.00
1327,1,99.03,2925.82,1328.37,1399.39,198.06,18.95,0.00,0.00
1328,1,77.00,2693.98,1227.99,1311.99,154.00,23.10,0.00,0.00
1329,1,93.00,2632.02,1205.01,1241.01,186.00,20.74,0.00,0.00
1330,1,112.00,2705.00,1245.00,1236.00,224.00,17.32,0.00,0.00
1331,1,111.00,3228.00,1455.00,1551.00,222.00,17.63,0.00,0.00
1332,1,125.00,3249.98,1484.99,1514.99,250.00,15.00,0.00,0.00
1333,1,108.00,3033.02,1376.01,1442.01,215.00,20.00,0.00,0.00
1334,1,116.00,3224.00,1471.00,1520.00,233.00,16.41,0.00,0.00
1335,1,114.00,3170.99,1447.99,1494.99,228.00,17.63,1.00,0.00
1336,1,130.00,3477.00,1586.00,1631.00,260.00,13.95,0.00,0.00
1337,1,108.00,3326.93,1522.97,1587.97,216.00,18.28,0.00,0.00
1338,1,96.00,2677.05,1226.02,1259.02,192.00,20.74,0.00,0.00
1339,1,100.00,2610.02,1177.01,1233.01,200.00,22.69,0.00,0.00
1340,1,97.00,3306.99,1508.00,1605.00,194.00,17.63,0.00,0.00
1341,1,116.97,3248.10,1468.59,1545.57,233.94,18.28,1.00,0.00
1342,1,133.04,3535.94,1611.43,1659.44,265.07,14.46,0.00,0.00
1343,1,105.00,2958.99,1346.00,1402.00,211.00,21.50,0.00,0.00
1344,1,103.00,2847.02,1304.01,1337.01,206.00,21.89,0.00,0.00
1345,1,133.00,3472.04,1578.02,1628.02,266.00,17.32,1.00,0.00
1346,1,105.00,3162.98,1439.99,1512.99,210.00,21.50,1.00,0.00
1347,1,126.00,3203.01,1447.01,1504.01,252.00,17.63,0.00,0.00
1348,1,117.00,3639.00,1666.00,1739.00,234.00,17.01,1.00,0.00
1349,1,120.00,3526.98,1599.99,1686.99,240.00,17.32,0.00,0.00
1350,1,125.00,3601.00,1663.00,1688.00,250.00,14.73,0.00,0.00
1351,1,106.00,3364.01,1523.00,1629.00,212.00,21.89,0.00,0.00
1352,1,117.00,3267.97,1484.99,1548.98,234.00,21.50,1.00,0.00
1353,1,112.00,3309.98,1511.99,1573.99,224.00,17.32,0.00,0.00
1354,1,125.96,3451.85,1575.47,1624.46,251.92,17.63,0.00,0.00
1355,1,122.04,3502.24,1590.56,1667.59,244.09,18.61,0.00,0.00
1356,1,117.00,3648.98,1664.99,1749.99,234.00,19.65,0.00,0.00
1357,1,124.00,3565.02,1621.01,1696.01,248.00,20.37,0.00,0.00
1358,1,123.00,3239.00,1480.00,1513.00,246.00,19.65,0.00,0.00
1359,1,116.00,3631.98,1655.99,1743.99,232.00,17.95,1.00,0.00
1360,1,133.00,3593.97,1626.99,1700.98,266.00,18.61,0.00,0.00
1361,1,116.00,3234.06,1455.03,1547.03,232.00,20.00,0.00,0.00
1362,1,123.00,3891.00,1770.00,1875.00,246.00,18.28,1.00,0.00
1363,1,122.00,3418.00,1565.00,1609.00,244.00,18.28,1.00,0.00
1364,1,115.00,3820.00,1759.00,1831.00,230.00,17.63,2.00,0.00
1365,1,135.00,4027.01,1811.00,1946.00,270.00,17.32,0.00,0.00
1366,1,127.00,3455.99,1584.00,1618.00,254.00,17.63,0.00,0.00
1367,1,132.95,3908.62,1768.38,1874.34,265.91,17.63,0.00,0.00
1368,1,147.05,3895.35,1746.61,1854.64,294.10,19.65,1.00,0.00
1369,1,123.00,3788.01,1734.00,1808.00,246.00,18.61,0.00,0.00
1370,1,153.00,3930.97,1774.99,1850.99,305.00,17.95,0.00,0.00
1371,1,150.00,4154.03,1893.01,1960.01,301.00,15.83,0.00,0.00
1372,1,152.00,4162.00,1888.00,1970.00,304.00,17.32,1.00,0.00
1373,1,131.00,3993.91,1819.96,1911.96,261.99,18.28,1.00,0.00
1374,1,134.00,3991.06,1820.03,1902.03,269.00,17.95,0.00,0.00
1375,1,144.00,4014.02,1844.01,1883.01,287.00,17.32,1.00,0.00
1376,1,149.00,4067.00,1833.00,1936.00,298.00,17.63,0.00,0.00
1377,1,154.00,4364.01,1994.01,2062.01,308.00,15.83,1.00,0.00
1378,1,151.95,4016.56,1826.34,1886.32,303.89,17.32,0.00,0.00
1379,1,86.03,2563.92,1186.42,1206.43,171.06,15.27,0.00,0.00
1380,1,1.00,4.00,2.00,0.00,2.00,1032.01,0.00,0.00
1381,1,7.00,91.00,40.00,37.00,14.00,977.74,0.00,0.00
1382,1,4.00,128.00,60.00,60.00,8.00,977.74,0.00,0.00
1383,1,5.00,130.00,60.00,60.00,10.00,977.74,0.00,0.00
1384,1,5.00,121.00,55.00,56.00,10.00,960.30,0.00,0.00
1385,1,7.00,202.00,90.00,98.00,14.00,960.30,0.00,0.00
1386,1,7.00,147.00,67.00,66.00,14.00,943.16,0.00,0.00
1387,1,5.00,251.00,118.00,123.00,10.00,960.30,0.00,0.00
1388,1,8.00,275.00,124.00,135.00,16.00,943.16,0.00,0.00
1389,1,8.00,283.00,127.00,140.00,16.00,943.16,0.00,0.00
1390,1,10.00,349.00,164.00,165.00,20.00,943.16,0.00,0.00
1391,1,11.00,370.00,169.00,179.00,22.00,22.69,0.00,0.00
1392,1,16.00,293.00,131.00,130.00,32.00,20.37,0.00,0.00
1393,1,13.00,414.00,191.00,197.00,26.00,17.95,0.00,0.00
1394,1,18.00,422.99,194.00,193.00,36.00,16.71,0.00,0.00
1395,1,13.00,439.00,202.00,211.00,26.00,18.28,0.00,0.00
1396,1,17.00,391.01,178.00,179.00,34.00,20.37,0.00,0.00
1397,1,10.00,278.00,129.00,129.00,20.00,877.61,0.00,0.00
1398,1,13.00,305.00,140.00,139.00,26.00,24.38,0.00,0.00
1399,1,18.00,471.01,215.00,220.00,36.00,16.41,0.00,0.00
1400,1,21.00,625.99,287.00,297.00,42.00,18.28,0.00,0.00
1401,1,16.00,624.00,287.00,305.00,32.00,17.95,0.00,0.00
1402,1,19.00,555.01,246.00,271.00,38.00,24.83,0.00,0.00
1403,1,19.00,648.99,298.99,311.99,38.00,20.74,1.00,0.00
1404,1,19.00,606.99,281.00,288.00,38.00,20.74,0.00,0.00
1405,1,37.00,788.00,348.00,366.00,74.00,16.41,0.00,0.00
1406,1,29.00,864.01,390.01,416.01,58.00,21.50,1.00,0.00
1407,1,26.00,912.99,413.99,446.99,52.00,17.95,0.00,0.00
1408,1,25.00,809.01,367.01,392.01,50.00,19.65,0.00,0.00
1409,1,32.00,697.00,320.00,313.00,64.00,23.10,0.00,0.00
1410,1,26.00,886.99,407.00,428.00,52.00,17.95,0.00,0.00
1411,1,31.00,940.99,423.00,456.00,62.00,17.01,0.00,0.00
1412,1,27.00,720.01,322.00,344.00,54.00,22.28,1.00,0.00
1413,1,29.00,879.00,392.00,429.00,58.00,24.38,0.00,0.00
1414,1,27.00,896.00,405.00,437.00,54.00,20.74,0.00,0.00
1415,1,28.00,667.00,297.00,314.00,56.00,33.12,0.00,0.00
1416,1,26.00,736.00,342.00,342.00,52.00,20.74,0.00,0.00
1417,1,33.00,990.00,454.00,470.00,66.00,15.27,0.00,0.00
1418,1,34.00,839.00,379.00,392.00,68.00,20.37,0.00,0.00
1419,1,28.00,787.00,359.00,372.00,56.00,22.69,0.00,0.00
1420,1,33.00,892.00,408.00,418.00,66.00,15.27,0.00,0.00
1421,1,35.00,990.98,450.99,469.99,70.00,15.83,0.00,0.00
1422,1,33.00,882.01,405.00,411.00,66.00,16.71,0.00,0.00
1423,1,28.00,1079.02,488.01,535.01,56.00,24.38,0.00,0.00
1424,1,38.00,1025.00,463.00,486.00,76.00,17.95,0.00,0.00
1425,1,38.00,1177.98,539.99,561.99,76.00,14.73,0.00,0.00
1426,1,40.00,1048.01,482.01,486.01,80.00,16.41,0.00,0.00
1427,1,43.00,1059.99,483.00,491.00,86.00,17.63,1.00,0.00
1428,1,37.00,1042.01,475.00,493.00,74.00,16.41,0.00,0.00
1429,1,40.00,1006.00,464.00,462.00,80.00,22.28,1.00,0.00
1430,1,47.00,1069.00,488.00,487.00,94.00,20.37,1.00,0.00
1431,1,43.00,1211.00,558.00,567.00,86.00,18.28,0.00,0.00
1432,1,37.00,1036.00,469.00,493.00,74.00,17.95,0.00,0.00
1433,1,39.00,1051.99,483.99,489.99,78.00,17.95,0.00,0.00
1434,1,36.00,1136.01,521.00,543.00,72.00,20.00,1.00,0.00
1435,1,43.00,1037.01,473.00,478.00,86.00,21.89,0.00,0.00
1436,1,45.00,1207.00,550.00,567.00,90.00,18.28,0.00,0.00
1437,1,44.00,1411.98,642.99,680.99,88.00,17.95,1.00,0.00
1438,1,50.98,1110.60,509.82,498.82,101.96,18.95,0.00,0.00
1439,1,34.01,1271.47,597.22,606.22,68.02,18.95,0.00,0.00
1440,1,39.00,1065.99,485.99,501.99,78.00,20.00,0.00,0.00
1441,1,58.00,1463.95,664.98,682.98,116.00,15.83,0.00,0.00
1442,1,50.00,1365.04,614.02,651.02,100.00,19.29,0.00,0.00
1443,1,55.00,1397.02,627.01,660.01,110.00,19.29,0.00,0.00
1444,1,61.00,1386.00,628.00,636.00,122.00,15.55,0.00,0.00
1445,1,47.00,1467.01,680.01,693.01,94.00,18.95,0.00,0.00
1446,1,56.00,1404.00,643.00,648.00,113.00,19.65,1.00,0.00
1447,1,50.00,1502.99,675.99,726.99,100.00,19.65,0.00,0.00
1448,1,51.00,1484.00,694.00,688.00,102.00,17.01,1.00,0.00
1449,1,51.00,1510.01,694.00,714.00,102.00,18.28,0.00,0.00
1450,1,61.00,1669.97,763.99,783.99,122.00,15.00,1.00,0.00
1451,1,52.00,1657.01,763.00,790.00,104.00,15.55,0.00,0.00
1452,1,53.00,1616.02,728.01,782.01,106.00,19.29,0.00,0.00
1453,1,59.00,1681.00,773.00,790.00,118.00,15.27,2.00,0.00
1454,1,54.00,1623.99,741.00,775.00,108.00,18.95,0.00,0.00
1455,1,64.00,1739.01,796.01,815.01,128.00,13.22,1.00,0.00
1456,1,42.00,1554.99,723.00,748.00,84.00,18.28,0.00,0.00
1457,1,55.00,1766.98,818.99,837.99,110.00,16.41,0.00,0.00
1458,1,57.00,1572.03,715.01,743.01,114.00,18.95,0.00,0.00
1459,1,55.00,1883.99,860.00,913.99,110.00,17.01,0.00,0.00
1460,1,66.00,1921.00,872.00,917.00,132.00,16.41,0.00,0.00
1461,1,66.00,1685.99,774.99,778.99,132.00,19.29,0.00,0.00
1462,1,64.00,1888.02,869.01,891.01,128.00,14.73,0.00,0.00
1463,1,53.00,1975.98,890.99,978.99,106.00,18.95,0.00,0.00
1464,1,64.00,1904.99,866.99,909.99,128.00,18.61,1.00,0.00
1465,1,62.00,1975.03,905.01,946.02,124.00,17.95,0.00,0.00
1466,1,68.97,2050.26,952.65,959.65,137.95,14.46,0.00,0.00
1467,1,62.02,1956.70,885.31,947.34,124.04,19.29,1.00,0.00
1468,1,73.00,1898.99,857.00,895.99,146.00,18.95,0.00,0.00
1469,1,63.00,1946.02,892.01,928.01,126.00,18.61,0.00,0.00
1470,1,67.00,1994.99,904.00,957.00,134.00,18.61,0.00,0.00
1471,1,71.00,2074.00,936.00,996.00,142.00,17.32,0.00,0.00
1472,1,66.00,1952.00,892.00,928.00,132.00,20.00,0.00,0.00
1473,1,68.00,2083.99,961.99,985.99,136.00,15.55,0.00,0.00
1474,1,73.00,2219.02,1020.01,1054.01,145.00,14.21,0.00,0.00
1475,1,64.00,2008.00,934.00,945.00,129.00,18.61,1.00,0.00
1476,1,79.00,2287.99,1050.99,1078.99,158.00,14.21,0.00,0.00
1477,1,67.00,1865.00,851.00,880.00,134.00,24.83,0.00,0.00
1478,1,82.00,2225.00,1022.00,1039.00,164.00,17.32,1.00,0.00
1479,1,72.00,2066.00,948.00,974.00,144.00,17.63,0.00,0.00
1480,1,79.00,2391.97,1083.99,1149.99,158.00,16.41,0.00,0.00
1481,1,92.00,2304.02,1042.01,1078.01,184.00,15.27,0.00,0.00
1482,1,70.00,2048.02,938.01,970.01,140.00,23.52,0.00,0.00
1483,1,94.00,2297.99,1043.99,1065.99,188.00,17.95,0.00,0.00
1484,1,80.00,2151.99,979.00,1013.00,160.00,19.29,0.00,0.00
1485,1,87.00,2287.01,1018.01,1095.01,174.00,18.95,1.00,0.00
1486,1,80.00,2277.99,1035.00,1083.00,160.00,17.95,0.00,0.00
1487,1,94.97,2404.19,1087.64,1126.62,189.94,14.73,0.00,0.00
1488,1,87.03,2413.81,1102.37,1137.38,174.06,18.95,0.00,0.00
1489,1,80.00,2119.01,964.00,995.00,160.00,17.95,0.00,0.00
1490,1,91.00,2162.96,978.98,1001.98,182.00,15.55,0.00,0.00
1491,1,81.00,2531.03,1156.01,1213.02,162.00,16.41,0.00,0.00
1492,1,90.00,2434.00,1113.00,1141.00,180.00,18.28,1.00,0.00
1493,1,92.00,2437.01,1111.00,1142.00,184.00,17.01,0.00,0.00
1494,1,93.00,2473.96,1123.98,1163.98,186.00,17.01,0.00,0.00
1495,1,79.00,2202.03,1017.01,1027.01,158.00,18.61,0.00,0.00
1496,1,89.00,2515.00,1143.00,1194.00,178.00,16.71,0.00,0.00
1497,1,94.00,2471.98,1122.99,1160.99,188.00,18.61,0.00,0.00
1498,1,91.00,2473.02,1138.01,1153.01,182.00,18.61,0.00,0.00
1499,1,75.00,2168.00,999.00,1019.00,150.00,20.37,0.00,0.00
1500,1,85.00,2474.99,1116.99,1187.99,170.00,19.65,0.00,0.00
1501,1,85.00,2656.01,1231.01,1255.01,170.00,16.41,0.00,0.00
1502,1,72.00,2403.00,1099.00,1160.00,144.00,20.00,0.00,0.00
1503,1,100.00,2937.01,1356.00,1381.00,200.00,13.70,0.00,0.00
1504,1,87.00,2706.99,1250.00,1283.00,174.00,17.95,0.00,0.00
1505,1,100.00,2590.99,1173.00,1218.00,200.00,18.28,0.00,0.00
1506,1,99.97,2816.17,1284.62,1331.61,199.94,17.32,0.00,0.00
1507,1,102.03,2770.82,1260.37,1306.39,204.06,15.55,1.00,0.00
1508,1,99.00,2490.96,1146.98,1145.98,198.00,16.71,1.00,0.00
1509,1,111.00,2726.99,1235.00,1270.00,222.00,17.01,0.00,0.00
1510,1,111.00,2893.00,1312.00,1359.00,222.00,15.00,0.00,0.00
1511,1,113.00,2788.99,1269.99,1292.99,226.00,13.46,0.00,0.00
1512,1,85.00,2629.06,1190.03,1269.03,170.00,20.37,0.00,0.00
1513,1,107.00,3054.00,1391.00,1449.00,214.00,16.41,0.00,0.00
1514,1,97.00,2550.99,1163.99,1192.99,194.00,16.71,0.00,0.00
1515,1,107.00,2789.02,1259.01,1316.01,214.00,15.83,0.00,0.00
1516,1,104.00,2828.00,1298.00,1322.00,208.00,14.73,1.00,0.00
1517,1,99.00,2714.98,1229.99,1286.99,198.00,17.95,1.00,0.00
1518,1,112.00,3080.02,1411.01,1445.01,224.00,12.98,1.00,0.00
1519,1,97.00,2999.00,1369.00,1436.00,194.00,16.12,1.00,0.00
1520,1,111.00,3020.00,1378.00,1420.00,222.00,16.71,2.00,0.00
1521,1,103.96,3203.73,1479.41,1516.40,207.92,13.46,0.00,0.00
1522,1,108.04,2928.16,1343.53,1368.54,216.09,15.27,2.00,0.00
1523,1,105.00,2769.01,1262.00,1297.00,210.00,16.71,2.00,0.00
1524,1,95.00,3276.92,1496.96,1589.96,190.00,16.71,2.00,0.00
1525,1,107.00,3058.05,1404.02,1440.02,214.00,13.70,3.00,0.00
1526,1,123.00,3261.02,1503.01,1512.01,246.00,13.22,0.00,0.00
1527,1,119.00,3007.97,1341.99,1427.99,238.00,15.83,0.00,0.00
1528,1,82.00,2619.02,1194.01,1261.01,164.00,23.10,1.00,0.00
1529,1,111.00,3161.00,1456.00,1483.00,222.00,15.55,0.00,0.00
1530,1,99.00,3050.97,1381.99,1470.98,198.00,17.95,0.00,0.00
1531,1,102.00,2895.99,1324.00,1368.00,204.00,19.29,1.00,0.00
1532,1,106.00,3158.99,1463.00,1484.00,212.00,16.12,0.00,0.00
1533,1,98.00,2708.04,1247.02,1265.02,196.00,19.65,1.00,0.00
1534,1,118.00,3218.01,1454.00,1528.00,236.00,16.12,1.00,0.00
1535,1,98.00,3131.00,1433.00,1502.00,196.00,18.95,1.00,0.00
1536,1,100.96,2964.89,1353.49,1409.47,201.92,19.65,0.00,0.00
1537,1,105.04,3073.14,1398.52,1464.54,210.08,18.95,0.00,0.00
1538,1,120.00,3466.02,1580.01,1646.01,240.00,15.27,0.00,0.00
1539,1,95.00,3119.00,1419.00,1510.00,190.00,20.00,0.00,0.00
1540,1,101.00,3088.94,1395.97,1490.97,202.00,21.89,1.00,0.00
1541,1,126.00,3730.05,1695.02,1783.02,252.00,16.12,0.00,0.00
1542,1,112.00,3233.96,1474.98,1534.98,224.00,18.61,0.00,0.00
1543,1,104.00,2714.04,1225.02,1281.02,208.00,21.89,0.00,0.00
1544,1,104.00,3264.99,1499.00,1558.00,208.00,18.95,1.00,0.00
1545,1,124.00,3317.98,1504.99,1564.99,248.00,15.83,0.00,0.00
1546,1,123.00,3551.03,1615.01,1690.01,246.00,17.32,1.00,0.00
1547,1,116.00,3543.01,1606.00,1705.00,232.00,17.32,1.00,0.00
1548,1,126.00,3668.96,1684.98,1731.98,252.00,17.95,0.00,0.00
1549,1,109.00,3554.03,1628.01,1708.01,218.00,20.74,0.00,0.00
1550,1,124.96,3623.92,1637.51,1736.48,249.93,18.95,0.00,0.00
1551,1,122.04,3553.04,1619.48,1689.50,244.07,19.29,0.00,0.00
1552,1,133.00,3666.97,1685.99,1714.99,266.00,16.41,0.00,0.00
1553,1,124.00,3293.04,1507.02,1538.02,248.00,20.00,0.00,0.00
1554,1,113.00,3504.95,1599.98,1678.97,226.00,20.37,0.00,0.00
1555,1,131.00,3780.06,1718.03,1800.03,262.00,19.29,1.00,0.00
1556,1,108.00,3432.97,1552.99,1663.99,216.00,20.00,0.00,0.00
1557,1,121.00,3744.00,1706.00,1796.00,242.00,18.61,2.00,0.00
1558,1,141.00,4136.95,1881.98,1972.98,282.00,15.55,0.00,0.00
1559,1,123.00,3768.04,1708.02,1815.02,245.00,18.28,0.00,0.00
1560,1,135.00,4200.97,1936.98,1992.98,271.00,16.71,0.00,0.00
1561,1,133.00,3945.07,1808.03,1871.03,266.00,17.63,0.00,0.00
1562,1,141.96,4079.82,1864.46,1931.44,283.92,15.83,0.00,0.00
1563,1,150.04,4220.21,1915.55,2004.57,300.09,16.41,0.00,0.00
1564,1,128.00,3967.01,1815.01,1896.01,256.00,17.32,0.00,0.00
1565,1,159.00,3996.97,1804.99,1873.98,318.00,17.95,2.00,0.00
1566,1,143.00,4160.01,1906.00,1968.00,286.00,17.01,1.00,0.00
1567,1,135.00,4061.93,1864.97,1926.97,270.00,15.83,1.00,0.00
1568,1,149.00,4307.08,1954.04,2055.04,298.01,17.32,2.00,0.00
1569,1,150.00,4313.91,1976.96,2036.96,299.99,15.55,0.00,0.00
1570,1,154.00,4415.13,2029.06,2078.06,308.01,14.46,1.00,0.00
1571,1,140.00,4046.99,1849.00,1918.00,280.00,17.63,0.00,0.00
1572,1,141.00,4491.00,2055.00,2154.00,282.00,16.41,0.00,0.00
1573,1,97.97,2699.18,1218.63,1285.61,194.94,17.63,1.00,0.00
1574,1,2.00,66.02,31.01,31.01,4.00,995.51,0.00,0.00
1575,1,2.00,83.00,35.00,44.00,4.00,995.51,0.00,0.00
1576,1,4.00,116.00,54.00,54.00,8.00,977.74,0.00,0.00
1577,1,3.00,145.00,68.00,71.00,6.00,977.74,0.00,0.00
1578,1,10.00,172.00,73.00,79.00,20.00,960.30,0.00,0.00
1579,1,3.00,206.00,94.00,106.00,6.00,977.74,0.00,0.00
1580,1,8.00,253.00,112.00,125.00,16.00,943.16,0.00,0.00
1581,1,5.00,181.00,81.00,90.00,10.00,943.16,0.00,0.00
1582,1,9.00,247.00,116.00,113.00,18.00,943.16,0.00,0.00
1583,1,10.00,317.00,143.00,154.00,20.00,926.33,0.00,0.00
1584,1,9.00,310.00,140.00,152.00,18.00,909.80,0.00,0.00
1585,1,13.00,387.99,176.00,186.00,26.00,13.95,0.00,0.00
1586,1,8.00,350.00,160.00,174.00,16.00,909.80,0.00,0.00
1587,1,17.00,424.00,185.00,205.00,34.00,14.46,0.00,0.00
1588,1,18.00,438.98,203.99,198.99,36.00,15.27,0.00,0.00
1589,1,15.00,568.02,262.01,276.01,30.00,15.83,0.00,0.00
1590,1,13.00,485.00,219.00,240.00,26.00,21.11,0.00,0.00
1591,1,17.00,643.01,297.00,312.00,34.00,17.32,0.00,0.00
1592,1,18.00,512.00,237.00,239.00,36.00,26.68,0.00,0.00
1593,1,20.00,683.00,306.00,337.00,40.00,17.95,0.00,0.00
1594,1,21.00,518.00,237.00,239.00,42.00,26.20,0.00,0.00
1595,1,17.00,556.00,254.00,268.00,34.00,22.69,1.00,0.00
1596,1,18.00,604.00,280.00,288.00,36.00,17.95,2.00,0.00
1597,1,13.00,495.96,223.98,245.98,26.00,23.95,0.00,0.00
1598,1,18.00,680.05,313.02,331.02,36.00,20.37,0.00,0.00
1599,1,23.00,709.99,319.99,343.99,46.00,18.95,0.00,0.00
1600,1,28.00,838.00,390.00,392.00,56.00,16.71,0.00,0.00
1601,1,25.00,721.01,333.00,338.00,50.00,24.38,0.00,0.00
1602,1,20.00,774.01,359.01,375.01,40.00,20.00,0.00,0.00
1603,1,28.00,854.00,383.00,415.00,56.00,19.65,0.00,0.00
1604,1,32.00,861.00,392.00,405.00,64.00,15.55,0.00,0.00
1605,1,35.00,873.00,398.00,405.00,70.00,20.00,0.00,0.00
1606,1,34.00,1010.00,459.00,483.00,68.00,16.71,0.00,0.00
1607,1,35.00,974.01,442.00,462.00,70.00,16.71,1.00,0.00
1608,1,32.00,1025.00,470.00,491.00,64.00,17.01,0.00,0.00
1609,1,31.00,948.98,433.99,452.99,62.00,18.95,1.00,0.00
1610,1,37.00,995.01,456.00,465.00,74.00,19.65,0.00,0.00
1611,1,37.00,818.00,370.00,374.00,74.00,23.10,1.00,0.00
1612,1,33.00,983.02,448.01,469.01,66.00,17.63,0.00,0.00
1613,1,36.00,1111.00,510.00,529.00,72.00,17.01,0.00,0.00
1614,1,42.00,1193.00,540.00,569.00,84.00,17.63,1.00,0.00
