sysbench 1.1.0-50966c8 (using bundled LuaJIT 2.1.0-beta3)

Running the test with following options:
Number of threads: 2
Report intermediate results every 1 second(s)
Initializing random number generator from current time


Initializing worker threads...

Threads started!

1,2,95.81,2698.56,1236.51,1264.45,197.60,17.32,0.00,0.00
2,2,339.12,9527.27,4331.49,4517.55,678.23,13.22,1.00,0.00
3,2,347.00,9549.98,4350.99,4504.99,694.00,15.00,3.00,0.00
4,2,360.00,9752.90,4419.95,4612.95,719.99,15.00,3.00,0.00
5,2,356.00,9700.06,4419.03,4569.03,712.00,13.46,0.00,0.00
6,2,111.00,3191.99,1441.00,1529.00,222.00,16.12,0.00,0.00
7,2,312.00,9423.99,4292.99,4506.99,624.00,16.41,0.00,0.00
8,2,323.00,9687.07,4398.03,4643.03,646.00,16.12,0.00,0.00
9,2,351.00,10030.99,4571.00,4758.00,702.00,12.98,1.00,0.00
10,2,345.00,9867.99,4524.99,4652.99,690.00,13.46,1.00,0.00
11,2,336.94,9684.15,4401.16,4609.12,673.87,15.55,1.00,0.00
12,2,355.07,9914.91,4547.88,4656.90,710.14,12.98,1.00,0.00
13,2,328.00,9626.99,4396.00,4575.00,656.00,15.00,2.00,0.00
14,2,311.00,9802.98,4494.99,4685.99,622.00,14.73,3.00,0.00
15,2,325.00,9261.01,4242.00,4369.00,650.00,14.46,2.00,0.00
16,2,345.00,9993.97,4549.99,4753.99,690.00,15.00,2.00,0.00
17,2,316.00,9467.96,4322.98,4512.98,632.00,14.21,1.00,0.00
18,2,346.00,10134.01,4617.00,4825.00,692.00,13.22,0.00,0.00
19,2,142.00,3614.02,1645.01,1685.01,284.00,12.30,0.00,0.00
20,2,387.00,9978.04,4545.02,4659.02,774.00,12.52,0.00,0.00
21,2,362.00,10349.96,4753.98,4871.98,724.00,12.08,2.00,0.00
22,2,326.00,9815.98,4499.99,4663.99,652.00,14.46,0.00,0.00
23,2,323.94,9385.18,4284.17,4453.13,647.87,13.95,1.00,0.00
24,2,318.06,9708.87,4465.86,4606.89,636.12,14.21,2.00,0.00
25,2,150.00,3723.02,1678.01,1745.01,300.00,16.12,1.00,0.00
26,2,124.00,3632.97,1632.99,1751.99,248.00,17.01,0.00,0.00
27,2,340.00,9978.93,4552.97,4745.97,680.00,13.46,1.00,0.00
28,2,122.00,3634.02,1652.01,1738.01,244.00,16.12,0.00,0.00
29,2,322.00,9583.09,4393.04,4546.04,644.01,14.46,2.00,0.00
30,2,336.00,9686.00,4391.00,4623.00,672.00,15.83,3.00,0.00
31,2,359.00,9845.97,4495.99,4631.98,718.00,12.98,4.00,0.00
32,2,337.00,9834.99,4476.99,4683.99,674.00,15.83,3.00,0.00
33,2,336.95,9594.51,4397.32,4523.30,673.90,13.95,0.00,0.00
34,2,331.91,9527.33,4367.78,4495.74,663.81,14.21,2.00,0.00
35,2,337.15,9933.43,4507.01,4752.12,674.30,15.27,2.00,0.00
36,2,146.00,3772.96,1685.98,1794.98,292.00,17.01,0.00,0.00
37,2,351.00,9575.10,4351.05,4522.05,702.01,13.70,1.00,0.00
38,2,376.00,10456.88,4777.95,4926.95,751.99,12.08,0.00,0.00
39,2,381.00,10278.97,4692.99,4823.99,762.00,12.30,2.00,0.00
40,2,340.00,10592.98,4890.99,5021.99,680.00,12.30,0.00,0.00
41,2,374.00,10206.07,4639.03,4819.03,748.01,12.75,0.00,0.00
42,2,349.00,10027.04,4588.02,4742.02,697.00,12.52,0.00,0.00
43,2,331.86,9641.94,4377.15,4600.06,664.72,15.27,1.00,0.00
44,2,332.14,9939.12,4529.88,4744.97,664.28,15.27,1.00,0.00
45,2,363.00,9649.05,4379.02,4544.02,726.00,13.70,2.00,0.00
46,2,346.00,9507.03,4313.01,4502.01,692.00,15.27,2.00,0.00
47,2,312.00,9726.04,4426.02,4676.02,624.00,15.27,1.00,0.00
48,2,354.00,10040.94,4570.97,4761.97,708.00,13.95,0.00,0.00
49,2,355.00,10166.04,4631.02,4825.02,710.00,15.00,1.00,0.00
50,2,331.00,9745.01,4459.01,4624.01,662.00,13.70,1.00,0.00
51,2,354.00,10043.01,4615.00,4722.00,706.00,12.30,1.00,0.00
52,2,342.87,9598.32,4360.33,4550.26,687.74,15.27,0.00,0.00
53,2,350.13,10142.87,4620.76,4821.84,700.27,14.73,0.00,0.00
54,2,185.01,4719.15,2141.07,2208.07,370.01,12.52,3.00,0.00
55,2,331.99,10067.65,4604.84,4798.83,663.98,12.98,3.00,0.00
56,2,356.00,10405.02,4734.01,4959.01,712.00,12.98,0.00,0.00
57,2,353.00,10003.01,4567.00,4730.00,706.00,12.30,3.00,0.00
58,2,336.00,9831.99,4466.00,4694.00,672.00,15.27,2.00,0.00
59,2,370.00,10306.96,4735.98,4830.98,740.00,12.52,1.00,0.00
60,2,172.00,4842.01,2216.01,2282.01,344.00,12.75,1.00,0.00
61,2,325.00,9822.00,4518.00,4654.00,650.00,13.95,3.00,0.00
62,2,366.91,9815.72,4502.95,4578.93,733.83,12.75,3.00,0.00
63,2,337.08,9602.25,4368.02,4560.07,674.16,15.27,3.00,0.00
64,2,357.00,9841.99,4492.00,4636.00,714.00,13.22,0.00,0.00
65,2,342.00,9858.98,4502.99,4671.99,684.00,12.75,2.00,0.00
66,2,308.00,9401.00,4248.00,4537.00,616.00,17.01,6.00,0.00
67,2,376.00,10330.02,4717.01,4861.01,752.00,12.75,3.00,0.00
68,2,362.00,10509.00,4799.00,4986.00,724.00,12.52,2.00,0.00
69,2,178.00,4963.00,2277.00,2330.00,356.00,14.21,1.00,0.00
70,2,342.00,9226.93,4192.97,4349.97,683.99,16.41,0.00,0.00
71,2,169.00,5082.02,2319.01,2425.01,338.00,15.55,1.00,0.00
72,2,338.92,9956.74,4527.97,4750.92,677.85,15.00,1.00,0.00
73,2,374.09,10155.32,4589.05,4818.10,748.17,15.27,2.00,0.00
74,2,344.00,9590.93,4394.97,4507.97,687.99,13.46,3.00,0.00
75,2,340.00,9510.97,4361.99,4468.99,680.00,12.98,1.00,0.00
76,2,325.00,9402.06,4296.03,4456.03,650.00,16.41,0.00,0.00
77,2,341.00,9750.01,4429.01,4639.01,682.00,15.83,3.00,0.00
78,2,334.00,10246.98,4694.99,4883.99,668.00,14.73,2.00,0.00
79,2,354.00,9808.01,4506.00,4594.00,708.00,12.75,2.00,0.00
80,2,345.00,9788.04,4434.02,4664.02,690.00,15.55,0.00,0.00
81,2,354.00,9566.97,4338.98,4519.98,708.00,13.70,3.00,0.00
82,2,191.00,5354.00,2452.00,2520.00,382.00,14.73,0.00,0.00
83,2,351.00,9923.03,4529.01,4692.02,702.00,14.21,0.00,0.00
84,2,355.00,9779.91,4476.96,4592.96,709.99,13.22,0.00,0.00
85,2,325.98,9378.30,4269.68,4456.67,651.95,14.73,2.00,0.00
86,2,352.99,10316.60,4666.82,4943.81,705.97,15.00,1.00,0.00
87,2,346.01,10143.16,4612.07,4839.08,692.01,14.21,2.00,0.00
88,2,338.00,9826.04,4497.02,4654.02,675.00,13.46,1.00,0.00
89,2,343.99,9729.80,4444.91,4596.90,687.99,12.75,2.00,0.00
90,2,356.91,9742.66,4450.93,4576.90,714.83,12.75,2.00,0.00
91,2,196.06,5652.68,2574.76,2685.80,392.12,15.55,0.00,0.00
92,2,340.02,9388.60,4276.27,4432.28,680.04,14.73,0.00,0.00
93,2,352.00,9736.98,4454.99,4577.99,704.00,12.98,3.00,0.00
94,2,333.00,10028.95,4574.98,4787.98,666.00,15.55,0.00,0.00
95,2,338.00,10013.98,4546.99,4790.99,676.00,15.00,2.00,0.00
96,2,360.00,10388.99,4732.99,4935.99,720.00,14.73,1.00,0.00
97,2,364.00,10317.10,4682.04,4907.05,728.01,15.00,4.00,0.00
98,2,366.00,10012.00,4564.00,4716.00,732.00,12.52,1.00,0.00
99,2,342.00,9611.02,4346.01,4581.01,684.00,15.55,2.00,0.00
100,2,331.00,10044.90,4567.96,4814.95,661.99,15.83,2.00,0.00
101,2,354.00,10136.10,4648.05,4780.05,708.01,12.75,0.00,0.00
102,2,357.00,10050.94,4584.97,4751.97,714.00,12.75,3.00,0.00
103,2,368.00,10137.04,4622.02,4779.02,736.00,12.52,0.00,0.00
104,2,332.00,9415.98,4281.99,4469.99,664.00,15.55,1.00,0.00
105,2,322.00,9737.93,4473.97,4619.97,644.00,13.70,2.00,0.00
106,2,374.00,9488.00,4316.00,4424.00,748.00,12.52,1.00,0.00
107,2,369.00,10062.99,4589.00,4736.00,738.00,12.75,3.00,0.00
108,2,324.00,9926.06,4554.03,4724.03,648.00,13.70,3.00,0.00
109,2,339.00,9528.97,4339.99,4510.99,678.00,13.95,1.00,0.00
110,2,203.00,5564.02,2524.01,2634.01,406.00,17.01,1.00,0.00
111,2,309.00,9357.03,4259.01,4480.01,618.00,16.41,2.00,0.00
112,2,373.00,10037.98,4578.99,4712.99,746.00,12.98,0.00,0.00
113,2,368.00,10081.00,4617.00,4728.00,736.00,12.30,2.00,0.00
114,2,354.00,10040.90,4583.95,4748.95,707.99,12.75,1.00,0.00
115,2,322.00,9459.11,4325.05,4490.05,644.01,14.21,1.00,0.00
116,2,341.00,9988.01,4555.00,4751.00,682.00,15.27,0.00,0.00
117,2,370.00,10441.00,4796.00,4905.00,740.00,12.30,2.00,0.00
118,2,364.00,10597.99,4851.99,5017.99,728.00,12.08,1.00,0.00
119,2,351.00,9744.02,4439.01,4603.01,702.00,14.73,3.00,0.00
120,2,364.00,9925.93,4541.97,4655.97,727.99,12.30,0.00,0.00
121,2,355.00,9796.09,4465.04,4621.04,710.01,13.46,1.00,0.00
122,2,350.00,10060.98,4595.99,4764.99,700.00,12.75,2.00,0.00
123,2,258.00,7105.02,3246.01,3343.01,516.00,12.52,0.00,0.00
124,2,381.00,10255.88,4683.94,4809.94,761.99,12.52,1.00,0.00
125,2,376.00,10060.04,4571.02,4737.02,752.00,13.22,2.00,0.00
126,2,350.87,10461.14,4766.24,4993.16,701.74,14.46,2.00,0.00
127,2,357.13,10085.76,4580.71,4790.79,714.27,15.27,2.00,0.00
128,2,345.00,10290.97,4701.99,4898.98,690.00,14.46,1.00,0.00
129,2,367.00,10118.03,4601.01,4783.01,734.00,14.46,2.00,0.00
130,2,384.00,10610.01,4862.00,4980.00,768.00,12.08,0.00,0.00
131,2,373.00,9751.92,4436.96,4568.96,745.99,12.75,1.00,0.00
132,2,325.00,9709.04,4444.02,4615.02,650.00,14.21,0.00,0.00
133,2,324.00,9669.00,4409.00,4612.00,648.00,15.27,1.00,0.00
134,2,322.00,10156.08,4627.04,4885.04,644.00,15.27,1.00,0.00
135,2,375.00,10964.92,5017.96,5196.96,749.99,11.65,3.00,0.00
136,2,325.00,10113.05,4651.02,4812.02,650.00,13.46,0.00,0.00
137,2,340.00,9752.02,4427.01,4645.01,680.00,15.27,1.00,0.00
138,2,363.00,10522.97,4834.99,4961.99,726.00,11.87,1.00,0.00
139,2,348.00,9820.01,4469.00,4655.00,696.00,14.73,1.00,0.00
140,2,330.00,9988.97,4543.99,4784.99,660.00,15.55,1.00,0.00
141,2,376.00,10454.02,4745.01,4957.01,752.00,14.73,4.00,0.00
142,2,367.00,10409.00,4740.00,4935.00,734.00,12.75,1.00,0.00
143,2,350.00,10268.98,4675.99,4892.99,700.00,15.27,1.00,0.00
144,2,333.01,10378.20,4726.09,4986.10,666.01,15.27,2.00,0.00
145,2,374.99,10345.78,4723.90,4871.90,749.98,12.52,2.00,0.00
146,2,379.00,10145.03,4629.02,4758.02,758.00,12.75,2.00,0.00
147,2,380.00,10172.99,4649.00,4764.00,760.00,12.52,2.00,0.00
148,2,356.00,9872.96,4495.98,4664.98,712.00,13.22,1.00,0.00
149,2,329.00,9983.02,4529.01,4796.01,658.00,16.12,2.00,0.00
150,2,293.00,7726.00,3507.00,3633.00,586.00,12.52,2.00,0.00
151,2,380.00,10418.02,4734.01,4924.01,760.00,12.08,2.00,0.00
152,2,348.00,10637.02,4864.01,5077.01,696.00,14.46,0.00,0.00
153,2,382.00,10601.99,4830.00,5008.00,764.00,12.08,2.00,0.00
154,2,378.00,10341.00,4733.00,4852.00,756.00,11.65,1.00,0.00
155,2,363.00,10638.91,4875.96,5036.96,725.99,12.08,1.00,0.00
156,2,333.00,9830.01,4493.00,4671.00,666.00,13.70,3.00,0.00
157,2,350.00,9643.10,4396.05,4547.05,700.01,13.95,2.00,0.00
158,2,348.00,10246.00,4670.00,4880.00,696.00,13.22,3.00,0.00
159,2,368.00,10179.01,4672.00,4771.00,736.00,12.98,1.00,0.00
160,2,345.00,9725.95,4431.98,4603.98,690.00,13.46,0.00,0.00
161,2,344.00,10162.91,4660.96,4813.96,687.99,12.75,0.00,0.00
162,2,344.00,10305.08,4704.04,4913.04,688.01,12.75,1.00,0.00
163,2,347.00,10110.94,4620.97,4795.97,694.00,14.73,2.00,0.00
164,2,366.00,10231.97,4661.99,4837.98,732.00,12.98,1.00,0.00
165,2,369.00,9988.98,4531.99,4718.99,738.00,13.22,1.00,0.00
166,2,361.00,9769.08,4431.03,4616.04,722.01,14.73,0.00,0.00
167,2,337.00,9661.05,4382.02,4605.02,674.00,15.55,3.00,0.00
168,2,332.00,9917.02,4537.01,4716.01,664.00,14.46,1.00,0.00
169,2,382.00,10638.96,4858.98,5015.98,764.00,11.87,1.00,0.00
170,2,380.00,10028.00,4569.00,4699.00,760.00,12.98,1.00,0.00
171,2,365.00,9620.98,4400.99,4489.99,730.00,12.30,2.00,0.00
172,2,356.00,10042.03,4574.01,4756.01,712.00,13.46,1.00,0.00
173,2,375.00,10446.01,4757.00,4939.00,750.00,12.30,3.00,0.00
174,2,353.00,10162.98,4648.99,4807.99,706.00,12.52,0.00,0.00
175,2,382.00,10020.91,4540.96,4715.96,763.99,12.75,1.00,0.00
176,2,363.00,10075.01,4579.01,4770.01,726.00,15.00,0.00,0.00
177,2,357.00,10305.10,4709.05,4882.05,714.01,12.75,2.00,0.00
178,2,365.00,9872.97,4483.99,4658.99,730.00,15.00,1.00,0.00
179,2,361.00,9774.01,4448.00,4604.00,722.00,15.55,1.00,0.00
180,2,351.00,9719.00,4417.00,4600.00,702.00,15.55,3.00,0.00
181,2,340.00,9894.99,4516.00,4699.00,680.00,13.46,2.00,0.00
182,2,379.00,10180.04,4635.02,4787.02,758.00,12.98,2.00,0.00
183,2,384.00,10206.91,4638.96,4799.96,767.99,12.08,1.00,0.00
184,2,361.00,10298.04,4697.02,4879.02,722.00,13.46,1.00,0.00
185,2,372.00,10236.96,4680.98,4811.98,744.00,12.52,3.00,0.00
186,2,378.00,10156.10,4619.05,4781.05,756.01,12.52,0.00,0.00
187,2,324.94,10146.13,4636.14,4860.10,649.88,15.27,1.00,0.00
188,2,380.07,10154.82,4633.83,4760.85,760.14,12.52,4.00,0.00
189,2,297.00,8686.05,3976.02,4116.02,594.00,12.52,1.00,0.00
190,2,339.00,9877.00,4490.00,4709.00,678.00,14.73,1.00,0.00
191,2,352.00,9906.90,4502.95,4699.95,703.99,15.83,0.00,0.00
192,2,376.00,10467.11,4784.05,4931.05,752.01,12.08,1.00,0.00
193,2,357.00,10532.03,4794.01,5024.01,714.00,12.52,0.00,0.00
194,2,358.00,10385.99,4749.00,4921.00,716.00,12.30,1.00,0.00
195,2,342.00,9937.99,4545.00,4709.00,684.00,14.21,3.00,0.00
196,2,354.00,10136.98,4603.99,4824.99,708.00,14.73,2.00,0.00
197,2,338.00,10563.92,4832.96,5054.96,675.99,12.52,2.00,0.00
198,2,301.00,8600.08,3907.03,4091.04,602.01,14.73,2.00,0.00
199,2,344.00,10197.89,4658.95,4850.95,687.99,13.46,4.00,0.00
200,2,353.00,10364.11,4726.05,4932.05,706.01,13.22,2.00,0.00
201,2,338.00,10406.00,4763.00,4967.00,676.00,13.22,1.00,0.00
202,2,369.00,10541.97,4835.99,4967.99,738.00,12.08,2.00,0.00
203,2,350.00,10460.05,4774.02,4986.02,700.00,12.30,1.00,0.00
204,2,385.00,10177.99,4634.00,4774.00,770.00,12.30,1.00,0.00
205,2,343.00,10586.97,4867.99,5032.99,686.00,12.30,4.00,0.00
206,2,360.00,10207.98,4602.99,4884.99,720.00,16.12,1.00,0.00
207,2,336.00,9204.03,4204.01,4328.01,672.00,12.98,1.00,0.00
208,2,338.00,8920.97,4084.99,4159.99,676.00,12.75,1.00,0.00
209,2,332.00,9943.03,4545.01,4734.01,664.00,13.46,2.00,0.00
210,2,318.00,9669.01,4415.01,4619.01,635.00,13.95,2.00,0.00
211,2,366.00,9837.89,4483.95,4620.95,732.99,12.98,1.00,0.00
212,2,331.00,9383.99,4278.99,4442.99,662.00,15.83,0.00,0.00
213,2,371.00,9719.04,4428.02,4549.02,742.00,12.75,1.00,0.00
214,2,339.00,9868.05,4468.02,4722.02,678.00,16.12,2.00,0.00
215,2,357.00,10147.01,4639.00,4794.00,714.00,13.22,2.00,0.00
216,2,330.00,9489.95,4310.98,4518.98,660.00,16.12,0.00,0.00
217,2,367.00,9721.03,4426.01,4561.02,734.00,12.75,2.00,0.00
218,2,370.00,10427.95,4766.98,4920.98,740.00,12.75,1.00,0.00
219,2,350.00,10636.08,4849.04,5087.04,700.01,15.00,4.00,0.00
220,2,360.00,10351.03,4706.01,4925.01,720.00,14.73,0.00,0.00
221,2,374.00,10358.89,4705.95,4904.95,747.99,12.30,2.00,0.00
222,2,359.00,10293.03,4687.01,4888.01,718.00,14.73,1.00,0.00
223,2,364.00,10510.05,4795.02,4987.02,728.00,15.00,4.00,0.00
224,2,313.00,9480.99,4330.99,4523.99,626.00,14.73,2.00,0.00
225,2,331.00,9913.00,4533.00,4718.00,662.00,13.70,2.00,0.00
226,2,339.00,10019.00,4580.00,4761.00,678.00,13.22,0.00,0.00
227,2,339.00,10075.01,4589.00,4808.00,678.00,13.95,2.00,0.00
228,2,331.00,9434.99,4309.99,4462.99,662.00,12.98,3.00,0.00
229,2,346.00,10015.02,4564.01,4759.01,692.00,15.27,0.00,0.00
230,2,356.00,9886.02,4518.01,4656.01,712.00,12.30,2.00,0.00
231,2,364.00,9631.98,4385.99,4517.99,728.00,12.98,1.00,0.00
232,2,319.00,9269.94,4242.97,4388.97,638.00,14.73,1.00,0.00
233,2,322.00,9175.05,4186.02,4345.02,644.00,15.83,5.00,0.00
234,2,350.00,10306.05,4692.02,4914.03,700.00,13.46,1.00,0.00
235,2,357.00,10064.94,4549.97,4800.97,714.00,16.12,1.00,0.00
236,2,351.00,10306.01,4706.01,4898.01,702.00,14.46,3.00,0.00
237,2,355.00,10193.99,4657.00,4827.00,710.00,12.52,2.00,0.00
238,2,333.00,9701.02,4413.01,4622.01,666.00,14.46,3.00,0.00
239,2,356.99,9824.86,4477.93,4632.93,713.99,12.75,4.00,0.00
240,2,337.00,9607.08,4358.04,4575.04,674.01,16.41,3.00,0.00
241,2,350.00,9698.98,4432.99,4565.99,700.00,13.46,1.00,0.00
242,2,349.00,9974.01,4534.01,4742.01,698.00,15.83,2.00,0.00
243,2,335.00,9776.96,4432.98,4673.98,670.00,15.83,2.00,0.00
244,2,355.00,9722.09,4425.04,4587.04,710.01,13.22,1.00,0.00
245,2,347.00,9814.02,4483.01,4637.01,694.00,15.83,1.00,0.00
246,2,376.00,10332.93,4724.97,4855.97,751.99,12.30,0.00,0.00
247,2,308.00,10010.97,4564.99,4829.98,616.00,15.83,0.00,0.00
248,2,361.93,10357.10,4702.14,4931.09,723.87,14.73,2.00,0.00
249,2,389.07,10911.06,4979.94,5152.97,778.15,11.45,2.00,0.00
250,2,366.00,10139.04,4634.02,4773.02,732.00,13.22,1.00,0.00
251,2,374.00,10406.98,4776.99,4881.99,748.00,12.08,2.00,0.00
252,2,357.00,10428.97,4740.99,4973.99,714.00,13.46,2.00,0.00
253,2,344.00,10170.07,4643.03,4839.03,688.00,15.55,3.00,0.00
254,2,333.00,9833.00,4460.00,4707.00,666.00,16.12,0.00,0.00
255,2,329.00,9534.00,4354.00,4522.00,658.00,13.95,0.00,0.00
256,2,309.00,9596.99,4388.99,4589.99,618.00,16.12,2.00,0.00
257,2,342.00,10096.94,4572.98,4839.97,684.00,15.55,1.00,0.00
258,2,358.00,10035.05,4608.02,4711.02,716.00,12.75,2.00,0.00
259,2,398.00,9787.90,4463.95,4527.95,795.99,12.98,4.00,0.00
260,2,347.00,9715.03,4414.01,4607.01,694.00,15.83,0.00,0.00
261,2,380.00,10151.09,4577.04,4814.04,760.01,15.55,1.00,0.00
262,2,359.00,10454.92,4749.96,4986.96,717.99,12.30,1.00,0.00
263,2,332.00,10134.08,4617.04,4853.04,664.01,15.55,1.00,0.00
264,2,237.00,7167.97,3285.99,3409.99,472.00,13.95,0.00,0.00
265,2,101.00,2865.00,1307.00,1354.00,204.00,16.12,1.00,0.00
266,2,377.00,10069.01,4594.01,4721.01,754.00,13.22,4.00,0.00
267,2,350.00,10237.00,4664.00,4873.00,700.00,13.22,2.00,0.00
268,2,358.00,10470.99,4807.99,4946.99,716.00,12.08,1.00,0.00
269,2,358.00,10443.90,4777.95,4949.95,715.99,12.98,2.00,0.00
270,2,356.00,10557.09,4840.04,5005.04,712.01,12.30,0.00,0.00
271,2,376.00,10506.00,4806.00,4948.00,752.00,12.52,0.00,0.00
272,2,250.00,7406.99,3377.99,3530.99,498.00,12.30,0.00,0.00
273,2,103.00,2937.99,1325.99,1403.99,208.00,15.83,0.00,0.00
274,2,246.00,7499.03,3423.01,3586.01,490.00,13.95,3.00,0.00
275,2,101.00,2878.01,1314.00,1360.00,204.00,17.01,0.00,0.00
276,2,359.00,9927.96,4502.98,4706.98,718.00,16.12,2.00,0.00
277,2,386.00,10707.99,4866.00,5070.00,772.00,12.30,2.00,0.00
278,2,337.00,10521.04,4807.02,5040.02,674.00,13.22,0.00,0.00
279,2,375.00,10344.04,4734.02,4860.02,750.00,12.30,0.00,0.00
280,2,290.00,7849.88,3564.95,3706.94,577.99,14.46,1.00,0.00
281,2,109.00,2991.01,1372.00,1399.00,220.00,16.41,0.00,0.00
282,2,381.00,10557.03,4833.01,4962.01,762.00,12.08,1.00,0.00
283,2,381.00,10637.95,4838.98,5036.98,762.00,12.30,2.00,0.00
284,2,352.00,10138.12,4652.06,4782.06,704.01,12.30,3.00,0.00
285,2,349.00,10277.01,4685.01,4894.01,698.00,14.21,2.00,0.00
286,2,349.00,10320.98,4729.99,4892.99,698.00,13.22,0.00,0.00
287,2,330.00,9892.97,4502.99,4729.99,660.00,15.55,2.00,0.00
288,2,325.00,9798.01,4471.00,4677.00,650.00,15.00,0.00,0.00
289,2,365.00,10179.99,4633.99,4815.99,730.00,12.75,1.00,0.00
290,2,380.00,10797.05,4911.02,5126.02,760.00,14.73,3.00,0.00
291,2,343.00,10026.93,4561.97,4778.97,686.00,15.55,4.00,0.00
292,2,253.00,7618.98,3470.99,3643.99,504.00,15.27,3.00,0.00
293,2,17.00,574.01,263.00,277.00,34.00,943.16,0.00,0.00
294,2,101.00,2815.00,1279.00,1332.00,204.00,17.63,0.00,0.00
295,2,339.00,9452.00,4269.00,4505.00,678.00,16.71,1.00,0.00
296,2,386.00,10212.94,4656.97,4783.97,772.00,12.30,4.00,0.00
297,2,381.00,10161.06,4608.03,4791.03,762.00,14.73,0.00,0.00
298,2,372.00,10343.98,4714.99,4884.99,744.00,12.30,2.00,0.00
299,2,371.00,10155.99,4673.00,4741.00,742.00,12.30,1.00,0.00
300,2,362.00,10485.02,4757.01,5004.01,724.00,15.55,0.00,0.00
301,2,359.00,10383.90,4735.95,4929.95,717.99,13.46,2.00,0.00
302,2,374.00,10725.12,4877.05,5100.06,748.01,14.73,3.00,0.00
303,2,381.00,10185.99,4616.99,4806.99,762.00,14.73,2.00,0.00
304,2,364.00,10148.98,4630.99,4789.99,728.00,12.98,3.00,0.00
305,2,368.00,10409.02,4755.01,4918.01,736.00,12.08,0.00,0.00
306,2,339.00,9560.97,4352.99,4529.99,678.00,15.55,1.00,0.00
307,2,362.00,10226.02,4698.01,4804.01,724.00,12.75,1.00,0.00
308,2,368.00,10264.96,4679.98,4848.98,736.00,13.46,2.00,0.00
309,2,353.00,10153.06,4592.03,4855.03,706.00,16.12,2.00,0.00
310,2,370.00,10262.98,4695.99,4826.99,740.00,13.70,3.00,0.00
311,2,379.00,10368.98,4736.99,4873.99,758.00,12.30,2.00,0.00
312,2,354.00,10138.95,4592.98,4837.98,708.00,16.12,4.00,0.00
313,2,367.00,10258.09,4657.04,4867.04,734.01,13.22,1.00,0.00
314,2,349.93,10483.90,4790.04,4994.00,699.86,12.08,3.00,0.00
315,2,385.08,10548.06,4841.95,4935.96,770.15,12.08,5.00,0.00
316,2,338.00,9646.04,4398.02,4572.02,676.00,14.21,0.00,0.00
317,2,306.00,9375.91,4271.96,4491.96,611.99,16.71,1.00,0.00
318,2,346.00,9846.08,4491.04,4663.04,692.01,14.21,2.00,0.00
319,2,367.00,10009.97,4539.98,4735.98,734.00,15.00,0.00,0.00
320,2,332.00,9466.02,4295.01,4507.01,664.00,14.46,1.00,0.00
321,2,313.00,8270.96,3764.98,3881.98,624.00,12.98,1.00,0.00
322,2,95.00,2809.02,1286.01,1331.01,192.00,14.46,0.00,0.00
323,2,369.00,10375.96,4751.98,4885.98,738.00,12.75,0.00,0.00
324,2,352.00,10325.04,4721.02,4900.02,704.00,12.52,3.00,0.00
325,2,380.00,10607.01,4804.00,5043.00,760.00,14.73,0.00,0.00
326,2,373.00,10845.99,4981.00,5119.00,746.00,11.87,4.00,0.00
327,2,349.00,10558.86,4804.94,5055.93,697.99,14.73,1.00,0.00
328,2,379.00,10185.06,4636.03,4791.03,758.00,13.70,5.00,0.00
329,2,376.00,10859.06,4973.03,5134.03,752.00,11.65,0.00,0.00
330,2,397.00,10621.01,4845.00,4982.00,794.00,12.52,0.00,0.00
331,2,351.00,10427.99,4747.00,4979.00,702.00,15.55,2.00,0.00
332,2,303.00,9157.98,4214.99,4338.99,604.00,12.75,1.00,0.00
333,2,115.00,2860.99,1297.00,1332.00,232.00,12.52,1.00,0.00
334,2,370.00,10351.01,4737.01,4874.01,740.00,12.08,2.00,0.00
335,2,387.00,10330.94,4691.97,4864.97,774.00,12.52,1.00,0.00
336,2,329.00,9609.06,4387.03,4564.03,658.00,14.46,0.00,0.00
337,2,352.00,9601.05,4380.02,4517.02,704.00,13.22,0.00,0.00
338,2,380.00,10028.96,4577.98,4690.98,760.00,12.52,0.00,0.00
339,2,347.00,10195.00,4671.00,4830.00,694.00,15.00,0.00,0.00
340,2,329.00,9100.03,4160.01,4284.01,656.00,12.75,2.00,0.00
341,2,55.00,1672.99,774.99,787.99,110.00,13.95,0.00,0.00
342,2,115.00,2644.01,1187.00,1225.00,232.00,15.83,0.00,0.00
343,2,355.00,9743.03,4447.02,4586.02,710.00,12.30,0.00,0.00
344,2,385.00,10438.04,4734.02,4934.02,770.00,15.55,0.00,0.00
345,2,382.00,10763.99,4923.00,5077.00,764.00,12.08,1.00,0.00
346,2,324.00,9974.99,4579.00,4748.00,648.00,13.46,1.00,0.00
347,2,341.00,9600.01,4358.00,4560.00,682.00,14.46,5.00,0.00
348,2,339.00,9895.95,4494.98,4722.97,678.00,16.12,0.00,0.00
349,2,357.00,10501.00,4778.00,5009.00,714.00,12.98,1.00,0.00
350,2,329.00,9666.95,4421.98,4588.98,656.00,12.98,1.00,0.00
351,2,103.00,2956.02,1352.01,1396.01,208.00,15.27,3.00,0.00
352,2,369.00,10131.95,4625.98,4767.97,738.00,13.95,1.00,0.00
353,2,341.00,10134.06,4593.03,4859.03,682.00,16.71,2.00,0.00
354,2,381.00,10343.93,4725.97,4855.97,761.99,12.52,3.00,0.00
355,2,341.00,9791.96,4450.98,4658.98,682.00,15.83,3.00,0.00
356,2,322.00,9283.02,4263.01,4378.01,642.00,13.46,0.00,0.00
357,2,88.00,2846.00,1291.00,1377.00,178.00,17.95,0.00,0.00
358,2,374.00,10191.00,4634.00,4809.00,748.00,12.52,0.00,0.00
359,2,345.00,9615.00,4368.00,4559.00,688.00,12.08,0.00,0.00
360,2,67.00,1768.00,812.00,822.00,134.00,20.37,0.00,0.00
sysbench 1.1.0-50966c8 (using bundled LuaJIT 2.1.0-beta3)

Running the test with following options:
Number of threads: 2
Report intermediate results every 1 second(s)
Initializing random number generator from current time


Initializing worker threads...

Threads started!

1,2,219.58,6720.25,3056.20,3218.89,445.16,16.71,1.00,0.00
2,2,283.06,8202.82,3750.83,3885.86,566.13,17.01,1.00,0.00
3,2,300.00,8627.98,3963.99,4063.99,600.00,15.00,0.00,0.00
4,2,296.00,8779.98,4013.99,4173.99,592.00,16.12,1.00,0.00
5,2,303.00,8864.06,4060.03,4198.03,606.00,14.73,3.00,0.00
6,2,304.00,8184.99,3756.99,3819.99,608.00,16.71,2.00,0.00
7,2,295.98,8735.49,3974.77,4168.76,591.97,16.71,1.00,0.00
8,2,245.01,6424.20,2932.09,3003.09,489.02,17.63,1.00,0.00
9,2,301.99,8685.74,3962.88,4117.87,604.98,16.41,0.00,0.00
10,2,293.00,8085.98,3677.99,3821.99,586.00,18.61,2.00,0.00
11,2,332.91,9076.53,4147.87,4262.84,665.82,15.27,2.00,0.00
12,2,305.10,9196.88,4231.33,4355.37,610.19,14.21,3.00,0.00
13,2,302.01,8622.20,3930.09,4088.10,604.01,16.71,1.00,0.00
14,2,310.00,8624.93,3924.97,4079.96,619.99,15.83,0.00,0.00
15,2,286.00,8315.98,3781.99,3961.99,572.00,17.01,1.00,0.00
16,2,338.00,9176.08,4172.04,4328.04,676.01,13.70,0.00,0.00
17,2,256.00,7389.03,3387.02,3490.02,512.00,16.41,1.00,0.00
18,2,289.00,9073.87,4156.94,4338.94,577.99,15.55,2.00,0.00
19,2,339.00,9301.06,4263.03,4360.03,678.00,13.95,1.00,0.00
20,2,346.00,9592.90,4356.95,4543.95,691.99,15.55,2.00,0.00
21,2,317.92,9732.58,4461.89,4634.85,635.84,14.21,1.00,0.00
22,2,322.08,9204.32,4175.05,4385.11,644.16,16.12,0.00,0.00
23,2,329.00,9613.07,4352.03,4603.04,658.01,15.55,1.00,0.00
24,2,334.00,9240.97,4258.98,4313.98,668.00,13.95,0.00,0.00
25,2,328.00,9127.96,4178.98,4292.98,656.00,15.83,3.00,0.00
26,2,319.00,8771.07,4022.03,4111.03,638.01,15.00,2.00,0.00
27,2,329.00,9107.05,4141.02,4308.02,658.00,15.27,1.00,0.00
28,2,319.00,9036.86,4120.94,4277.93,637.99,15.55,0.00,0.00
29,2,314.99,9269.58,4232.81,4406.80,629.97,15.00,3.00,0.00
30,2,296.02,8227.43,3734.20,3901.21,592.03,16.41,1.00,0.00
31,2,315.00,8763.04,3992.02,4141.02,630.00,16.41,1.00,0.00
32,2,302.00,8518.04,3878.02,4036.02,604.00,17.01,0.00,0.00
33,2,314.00,8514.92,3904.96,3981.96,627.99,15.27,0.00,0.00
34,2,303.00,8873.10,4071.05,4196.05,606.01,15.00,2.00,0.00
35,2,303.00,8778.95,4002.98,4169.97,606.00,16.12,1.00,0.00
36,2,323.00,8963.01,4094.01,4223.01,646.00,14.73,0.00,0.00
37,2,285.00,8463.00,3848.00,4045.00,570.00,17.32,1.00,0.00
38,2,288.00,7976.98,3628.99,3771.99,576.00,17.32,1.00,0.00
39,2,318.00,8709.00,3965.00,4108.00,636.00,16.41,1.00,0.00
40,2,330.00,8900.01,4023.00,4217.00,660.00,15.83,2.00,0.00
41,2,289.91,8729.36,4002.79,4146.75,579.82,16.41,0.00,0.00
42,2,300.09,8969.67,4084.22,4284.28,601.18,16.71,2.00,0.00
43,2,312.00,9250.88,4206.95,4420.94,622.99,16.12,0.00,0.00
44,2,316.00,9518.02,4323.01,4563.01,632.00,15.83,1.00,0.00
45,2,315.00,9004.06,4119.03,4255.03,630.00,15.83,1.00,0.00
46,2,302.00,9067.06,4132.03,4331.03,604.00,15.83,3.00,0.00
47,2,337.00,9134.89,4158.95,4301.95,673.99,14.73,1.00,0.00
48,2,346.00,9333.05,4242.02,4399.02,692.00,15.27,1.00,0.00
49,2,323.00,8953.08,4076.04,4231.04,646.01,15.27,1.00,0.00
50,2,312.00,8971.97,4094.99,4253.99,623.00,15.55,0.00,0.00
51,2,289.00,8887.98,4085.99,4222.99,579.00,15.83,5.00,0.00
52,2,349.00,9275.07,4236.03,4341.03,698.01,13.70,3.00,0.00
53,2,303.00,8996.96,4122.98,4267.98,606.00,15.27,3.00,0.00
54,2,310.00,9264.86,4237.94,4406.93,619.99,16.12,1.00,0.00
55,2,309.00,9473.03,4359.01,4496.02,618.00,14.46,1.00,0.00
56,2,347.00,9653.07,4420.03,4539.03,694.00,13.70,2.00,0.00
57,2,315.00,9583.08,4396.03,4557.04,630.00,13.70,1.00,0.00
58,2,333.00,9249.93,4189.97,4393.97,666.00,15.83,5.00,0.00
59,2,343.00,9650.95,4388.98,4575.98,686.00,15.83,4.00,0.00
60,2,338.00,9759.06,4435.03,4648.03,676.00,14.46,1.00,0.00
61,2,339.00,9718.99,4437.99,4602.99,678.00,14.21,2.00,0.00
62,2,327.00,9044.02,4131.01,4259.01,654.00,15.27,2.00,0.00
63,2,301.00,8792.95,4010.98,4179.98,602.00,16.41,1.00,0.00
64,2,315.00,9233.92,4225.96,4377.96,629.99,15.27,0.00,0.00
65,2,319.01,9176.16,4181.07,4357.08,638.01,15.00,3.00,0.00
66,2,341.00,9575.94,4355.97,4537.97,682.00,13.46,2.00,0.00
67,2,330.00,9168.86,4187.94,4320.94,659.99,14.46,1.00,0.00
68,2,303.99,8975.83,4098.92,4269.92,606.99,16.71,0.00,0.00
69,2,320.01,9036.30,4131.14,4264.14,641.02,15.27,3.00,0.00
70,2,323.99,9565.73,4377.88,4539.87,647.98,13.95,0.00,0.00
71,2,86.00,2427.99,1105.00,1153.00,170.00,16.41,0.00,0.00
72,2,261.00,7054.96,3206.98,3323.98,524.00,15.55,0.00,0.00
73,2,84.00,2479.00,1126.00,1187.00,166.00,15.00,0.00,0.00
74,2,247.01,7259.17,3314.08,3449.08,496.01,15.27,4.00,0.00
75,2,308.99,8919.72,4091.87,4209.87,617.98,15.83,1.00,0.00
76,2,316.00,9018.11,4139.05,4248.05,631.01,15.83,2.00,0.00
77,2,308.00,9217.88,4207.94,4392.94,616.99,15.00,2.00,0.00
78,2,294.01,9218.20,4206.09,4424.09,588.01,15.83,0.00,0.00
79,2,347.00,9625.03,4378.01,4553.01,694.00,13.70,1.00,0.00
80,2,354.01,9620.32,4409.15,4503.15,708.02,13.70,2.00,0.00
81,2,97.00,2682.97,1221.98,1268.98,192.00,14.73,0.00,0.00
82,2,206.00,6194.92,2836.97,2943.96,413.99,18.28,0.00,0.00
83,2,295.01,8759.17,3993.08,4176.08,590.01,16.41,3.00,0.00
84,2,307.95,9193.47,4192.30,4385.27,615.90,16.12,3.00,0.00
85,2,315.05,8824.43,4033.66,4160.68,630.10,15.83,1.00,0.00
86,2,325.00,8808.99,4028.00,4131.00,650.00,14.73,2.00,0.00
87,2,323.00,9395.09,4278.04,4471.04,646.01,13.95,1.00,0.00
88,2,337.00,8922.96,4076.98,4171.98,674.00,14.46,0.00,0.00
89,2,325.00,9140.93,4183.97,4306.96,649.99,15.27,0.00,0.00
90,2,333.00,9413.05,4274.02,4473.03,666.00,13.95,1.00,0.00
91,2,315.00,9290.02,4258.01,4402.01,630.00,15.00,3.00,0.00
92,2,320.00,8926.02,4079.01,4207.01,640.00,15.83,0.00,0.00
93,2,320.99,9448.85,4305.93,4500.93,641.99,15.55,1.00,0.00
94,2,327.01,9459.15,4322.07,4483.07,654.01,15.55,1.00,0.00
95,2,360.00,9736.97,4444.99,4571.99,720.00,13.46,2.00,0.00
96,2,339.00,9689.96,4416.98,4594.98,678.00,15.00,2.00,0.00
97,2,309.00,9018.01,4114.01,4286.01,618.00,15.55,1.00,0.00
98,2,329.00,9134.04,4145.02,4331.02,658.00,15.83,0.00,0.00
99,2,326.00,9781.00,4482.00,4647.00,652.00,14.21,3.00,0.00
100,2,324.00,9420.00,4273.00,4499.00,648.00,15.83,3.00,0.00
101,2,100.00,2893.96,1315.98,1379.98,198.00,16.71,0.00,0.00
102,2,238.00,6906.02,3161.01,3267.01,478.00,15.27,1.00,0.00
103,2,338.00,9241.08,4223.04,4342.04,676.01,13.95,3.00,0.00
104,2,332.00,9048.03,4150.02,4234.02,664.00,15.00,1.00,0.00
105,2,301.00,8604.98,3931.99,4070.99,602.00,16.41,0.00,0.00
106,2,323.00,8980.99,4094.00,4241.00,646.00,15.83,1.00,0.00
107,2,312.99,9353.74,4274.88,4452.88,625.98,14.73,2.00,0.00
108,2,336.01,9023.25,4102.11,4249.12,672.02,15.83,0.00,0.00
109,2,343.00,9383.90,4283.95,4413.95,685.99,13.95,2.00,0.00
110,2,113.00,3395.99,1568.00,1604.00,224.00,14.46,0.00,0.00
111,2,216.00,6315.06,2867.03,3014.03,434.00,17.01,1.00,0.00
112,2,309.00,9073.08,4102.04,4353.04,618.01,16.71,1.00,0.00
113,2,295.99,8770.69,3997.86,4180.85,591.98,16.41,0.00,0.00
114,2,280.01,8407.20,3810.09,4037.10,560.01,17.63,1.00,0.00
115,2,109.00,3302.00,1508.00,1578.00,216.00,16.12,0.00,0.00
116,2,242.00,6680.04,3045.02,3149.02,486.00,15.83,1.00,0.00
117,2,278.00,8502.02,3880.01,4066.01,556.00,16.71,1.00,0.00
118,2,113.00,3335.98,1505.99,1605.99,224.00,16.12,0.00,0.00
119,2,50.00,1319.01,602.01,617.01,100.00,18.61,0.00,0.00
120,2,48.00,1337.99,612.99,628.99,96.00,20.00,1.00,0.00
121,2,233.00,6368.06,2931.03,2969.03,468.00,16.12,1.00,0.00
122,2,297.00,8680.97,3998.98,4087.98,594.00,15.27,3.00,0.00
123,2,306.00,8224.95,3738.98,3873.98,612.00,16.12,1.00,0.00
124,2,313.00,8897.05,4049.02,4222.03,626.00,15.83,1.00,0.00
125,2,127.00,3220.02,1455.01,1513.01,252.00,17.95,1.00,0.00
126,2,254.00,6881.95,3120.98,3250.98,510.00,15.55,1.00,0.00
127,2,307.00,8718.01,3983.00,4121.00,614.00,16.12,3.00,0.00
128,2,300.00,8497.92,3854.96,4042.96,599.99,16.71,3.00,0.00
129,2,318.00,9068.04,4159.02,4273.02,636.00,14.21,4.00,0.00
130,2,283.00,8655.02,3959.01,4130.01,566.00,17.32,1.00,0.00
131,2,271.00,8463.00,3856.00,4065.00,542.00,17.63,2.00,0.00
132,2,318.00,8777.00,3985.00,4156.00,636.00,16.12,2.00,0.00
133,2,331.99,9081.78,4111.90,4305.89,663.98,16.41,1.00,0.00
134,2,310.00,8900.09,4054.04,4226.05,620.01,15.83,1.00,0.00
135,2,339.00,9197.93,4195.97,4323.97,677.99,14.46,3.00,0.00
136,2,337.00,9122.04,4176.02,4272.02,674.00,13.70,0.00,0.00
137,2,314.00,8883.12,4012.05,4243.06,628.01,16.12,1.00,0.00
138,2,335.00,9309.02,4247.01,4392.01,670.00,15.00,2.00,0.00
139,2,330.00,8883.02,4065.01,4158.01,660.00,14.73,2.00,0.00
140,2,338.00,9153.03,4152.01,4325.01,676.00,14.46,2.00,0.00
141,2,310.00,8750.99,3983.00,4148.00,620.00,16.12,1.00,0.00
142,2,317.00,9290.02,4256.01,4400.01,634.00,15.55,2.00,0.00
143,2,342.00,9713.96,4441.98,4587.98,684.00,13.95,1.00,0.00
144,2,306.00,8923.97,4092.98,4218.98,612.00,15.27,1.00,0.00
145,2,331.00,9745.07,4462.03,4621.03,662.00,14.73,1.00,0.00
146,2,339.00,9799.01,4473.00,4648.01,678.00,14.46,0.00,0.00
147,2,358.00,9703.93,4408.97,4578.96,715.99,15.27,1.00,0.00
148,2,309.00,9184.04,4207.02,4359.02,618.00,15.27,0.00,0.00
149,2,358.00,9854.03,4462.01,4676.01,716.00,14.46,0.00,0.00
150,2,352.00,9826.94,4489.97,4632.97,704.00,14.21,1.00,0.00
151,2,336.00,9604.90,4376.95,4555.95,671.99,15.27,2.00,0.00
152,2,349.00,9721.11,4437.05,4586.05,698.01,15.83,1.00,0.00
153,2,344.00,9610.08,4370.04,4552.04,688.01,15.27,1.00,0.00
154,2,325.99,9568.83,4363.92,4552.92,651.99,15.00,1.00,0.00
155,2,147.00,4849.93,2218.97,2338.97,292.00,14.73,1.00,0.00
156,2,234.00,6715.10,3077.04,3168.05,470.01,15.00,0.00,0.00
157,2,333.99,9313.70,4253.86,4391.86,667.98,14.21,1.00,0.00
158,2,168.01,4524.14,2071.06,2119.06,334.01,15.55,0.00,0.00
159,2,212.00,5654.00,2573.00,2655.00,426.00,17.32,2.00,0.00
160,2,149.00,4342.05,1994.02,2052.02,296.00,14.21,1.00,0.00
161,2,234.00,6462.03,2953.01,3039.01,470.00,15.83,1.00,0.00
162,2,302.00,9035.96,4102.98,4328.98,604.00,16.71,1.00,0.00
163,2,311.00,9531.94,4374.97,4534.97,622.00,14.21,1.00,0.00
164,2,313.00,8969.09,4106.04,4237.04,626.01,15.00,2.00,0.00
165,2,321.00,9031.99,4091.99,4297.99,642.00,16.71,0.00,0.00
166,2,309.00,9045.88,4139.95,4287.94,617.99,15.83,3.00,0.00
167,2,310.99,9169.67,4196.85,4350.84,621.98,16.12,1.00,0.00
168,2,321.01,9079.34,4141.16,4296.16,642.02,14.46,2.00,0.00
169,2,314.00,9193.00,4215.00,4350.00,628.00,14.46,1.00,0.00
170,2,321.91,9028.57,4125.89,4258.86,643.83,14.21,2.00,0.00
171,2,308.09,9091.51,4160.15,4315.19,616.17,15.00,1.00,0.00
172,2,318.00,9476.01,4341.00,4499.00,636.00,13.46,1.00,0.00
173,2,206.00,4910.04,2234.02,2266.02,410.00,13.70,2.00,0.00
174,2,221.00,6484.87,2964.94,3075.94,443.99,16.71,0.00,0.00
175,2,299.01,8747.19,4002.09,4147.09,598.01,16.12,1.00,0.00
176,2,335.99,8848.74,4052.88,4123.88,671.98,13.95,0.00,0.00
177,2,171.00,4892.05,2222.02,2330.03,340.00,16.12,2.00,0.00
178,2,220.00,6089.03,2756.01,2891.01,442.00,17.63,0.00,0.00
179,2,313.99,9035.73,4127.87,4279.87,627.98,15.27,2.00,0.00
180,2,303.01,9226.36,4227.16,4393.17,606.02,15.55,2.00,0.00
181,2,330.00,9233.93,4229.97,4343.97,660.00,13.46,1.00,0.00
182,2,313.00,8604.07,3930.03,4048.03,626.01,15.83,1.00,0.00
183,2,301.99,8760.85,3985.93,4170.93,603.99,16.71,1.00,0.00
184,2,175.00,5130.10,2334.04,2448.05,348.01,16.41,0.00,0.00
185,2,237.00,6161.99,2816.00,2870.00,476.00,15.55,2.00,0.00
186,2,285.00,8423.95,3837.98,4015.97,570.00,16.71,2.00,0.00
187,2,307.99,8685.67,3978.85,4090.84,615.98,16.12,1.00,0.00
188,2,301.01,8656.24,3914.11,4141.12,601.02,17.32,2.00,0.00
189,2,302.00,9433.13,4311.06,4517.06,605.01,16.12,1.00,0.00
190,2,316.00,9365.04,4281.02,4452.02,632.00,15.55,2.00,0.00
191,2,331.00,9646.99,4410.00,4576.00,661.00,14.21,0.00,0.00
192,2,342.00,9371.99,4255.99,4430.99,685.00,14.21,2.00,0.00
193,2,316.00,8871.01,4037.01,4202.01,632.00,15.55,1.00,0.00
194,2,309.00,9026.03,4125.01,4283.01,618.00,14.46,0.00,0.00
195,2,331.00,9373.97,4270.99,4440.99,662.00,15.27,0.00,0.00
196,2,323.00,9011.98,4105.99,4259.99,646.00,16.12,1.00,0.00
197,2,326.99,9552.58,4343.81,4554.80,653.97,15.27,0.00,0.00
198,2,353.00,9227.92,4174.96,4347.96,704.99,15.00,1.00,0.00
199,2,317.00,8803.00,3995.00,4173.00,635.00,16.71,1.00,0.00
200,2,206.01,5805.29,2647.13,2748.14,410.02,14.73,1.00,0.00
201,2,225.00,6713.03,3043.01,3218.01,452.00,17.01,0.00,0.00
202,2,326.98,8901.38,4034.72,4212.71,653.95,15.83,2.00,0.00
203,2,313.00,9338.11,4255.05,4458.05,625.01,16.12,1.00,0.00
204,2,335.00,9285.02,4245.01,4369.01,671.00,13.95,1.00,0.00
205,2,321.00,9112.95,4169.98,4300.97,642.00,14.73,1.00,0.00
206,2,322.99,8944.86,4100.94,4197.93,645.99,14.46,0.00,0.00
207,2,311.00,8806.10,4027.05,4157.05,622.01,15.00,2.00,0.00
208,2,289.00,8538.86,3901.94,4058.93,577.99,16.71,2.00,0.00
209,2,190.02,5835.48,2655.22,2802.23,378.03,16.41,1.00,0.00
210,2,205.99,6364.56,2924.80,3025.79,413.97,17.32,0.00,0.00
211,2,309.01,8970.35,4091.16,4261.16,618.02,15.83,3.00,0.00
212,2,196.01,5976.15,2731.07,2855.07,390.01,16.12,1.00,0.00
213,2,251.99,6557.71,2985.87,3065.86,505.98,16.41,3.00,0.00
214,2,316.00,8733.97,3992.99,4108.99,632.00,15.00,2.00,0.00
215,2,330.00,9594.89,4382.95,4551.95,659.99,14.46,2.00,0.00
216,2,223.01,6326.38,2883.17,2999.18,444.03,13.70,1.00,0.00
217,2,234.98,6762.46,3115.75,3174.75,471.96,14.46,3.00,0.00
218,2,327.00,9338.06,4277.03,4408.03,653.00,14.21,3.00,0.00
219,2,337.01,9026.15,4106.07,4245.07,675.01,14.73,0.00,0.00
220,2,316.00,9158.98,4165.99,4360.99,632.00,15.83,2.00,0.00
221,2,319.02,8789.56,4022.26,4129.26,638.04,14.73,1.00,0.00
222,2,299.99,9036.62,4129.82,4306.82,599.97,16.41,1.00,0.00
223,2,325.01,8931.14,4063.07,4218.07,650.01,15.83,0.00,0.00
224,2,319.01,9477.22,4344.10,4495.10,638.01,13.70,2.00,0.00
225,2,334.00,9243.01,4208.01,4367.01,668.00,14.73,2.00,0.00
226,2,311.00,9097.97,4146.99,4328.99,622.00,15.00,1.00,0.00
227,2,333.00,9044.09,4127.04,4251.04,666.01,13.95,0.00,0.00
228,2,340.99,8899.79,4069.91,4147.90,681.98,13.95,2.00,0.00
229,2,317.00,9164.08,4133.03,4397.04,634.01,16.12,2.00,0.00
230,2,304.00,8969.85,4093.93,4267.93,607.99,15.55,4.00,0.00
231,2,323.99,9497.85,4303.93,4545.93,647.99,15.83,1.00,0.00
232,2,217.00,6598.05,3005.02,3161.02,432.00,15.55,1.00,0.00
233,2,243.00,6662.09,3018.04,3156.04,488.01,16.41,2.00,0.00
234,2,234.99,6476.86,2951.93,3056.93,467.99,14.21,1.00,0.00
235,2,230.00,6718.06,3059.03,3197.03,462.00,16.41,3.00,0.00
236,2,324.01,9556.34,4371.16,4537.16,648.02,13.95,0.00,0.00
237,2,323.00,9308.01,4233.00,4429.00,646.00,16.12,2.00,0.00
238,2,320.00,9433.90,4310.95,4482.95,639.99,15.55,1.00,0.00
239,2,346.00,9329.97,4251.99,4385.99,692.00,13.70,2.00,0.00
240,2,301.00,9036.87,4080.94,4353.94,601.99,16.12,1.00,0.00
241,2,300.00,8872.11,4055.05,4217.05,600.01,16.71,0.00,0.00
242,2,333.00,9342.11,4262.05,4414.05,666.01,15.00,1.00,0.00
243,2,339.00,9277.00,4209.00,4390.00,678.00,15.55,2.00,0.00
244,2,303.00,9278.03,4243.01,4429.01,606.00,16.41,3.00,0.00
245,2,303.00,8369.03,3797.02,3966.02,606.00,16.71,0.00,0.00
246,2,329.00,9160.88,4184.95,4317.95,657.99,15.00,2.00,0.00
247,2,342.00,9413.06,4288.03,4441.03,684.00,13.46,4.00,0.00
248,2,342.00,9015.96,4117.98,4213.98,684.00,14.46,3.00,0.00
249,2,333.00,9432.07,4298.03,4468.03,666.01,15.00,0.00,0.00
250,2,301.00,9106.93,4177.97,4326.97,602.00,15.00,1.00,0.00
251,2,300.00,8879.98,4053.99,4225.99,600.00,16.71,1.00,0.00
252,2,225.00,6440.00,2953.00,3039.00,448.00,14.46,0.00,0.00
253,2,151.00,4130.02,1872.01,1956.01,302.00,16.12,1.00,0.00
254,2,242.00,6899.01,3163.00,3250.00,486.00,15.55,2.00,0.00
255,2,361.00,10022.05,4573.02,4727.03,722.00,13.70,2.00,0.00
256,2,358.00,9836.96,4479.98,4640.98,716.00,13.22,5.00,0.00
257,2,342.00,10034.99,4587.99,4762.99,684.00,13.95,1.00,0.00
258,2,333.00,10140.96,4636.98,4837.98,666.00,12.98,5.00,0.00
259,2,232.98,6483.52,2946.78,3072.77,463.97,16.71,1.00,0.00
260,2,226.01,6420.39,2914.18,3052.18,454.03,17.95,0.00,0.00
261,2,308.01,9160.17,4181.08,4363.08,616.01,14.46,0.00,0.00
262,2,227.00,6478.98,2972.99,3053.99,452.00,15.83,1.00,0.00
263,2,205.00,6364.02,2905.01,3047.01,412.00,17.01,1.00,0.00
264,2,238.00,6861.96,3160.98,3226.98,474.00,13.95,1.00,0.00
265,2,225.00,6458.90,2946.96,3059.95,451.99,16.71,1.00,0.00
266,2,324.01,9282.16,4222.07,4412.08,648.01,14.46,0.00,0.00
267,2,338.00,9150.05,4177.02,4297.03,676.00,13.46,1.00,0.00
268,2,301.00,8887.94,4062.97,4222.97,602.00,14.73,3.00,0.00
269,2,219.00,6855.01,3127.01,3292.01,436.00,17.01,0.00,0.00
270,2,221.00,6297.01,2855.01,2998.01,444.00,17.32,2.00,0.00
271,2,315.00,9104.01,4141.00,4333.00,630.00,14.46,0.00,0.00
272,2,333.99,9536.67,4345.85,4522.84,667.98,15.00,2.00,0.00
273,2,318.01,9272.32,4234.14,4402.15,636.02,15.00,2.00,0.00
274,2,307.00,9100.96,4187.98,4298.98,614.00,15.27,1.00,0.00
275,2,323.00,9349.93,4258.97,4444.96,645.99,15.27,0.00,0.00
276,2,297.00,8887.12,4058.05,4235.05,594.01,16.71,1.00,0.00
277,2,328.00,9329.99,4208.00,4466.00,656.00,17.01,1.00,0.00
278,2,306.00,9327.01,4275.00,4440.00,612.00,15.83,1.00,0.00
279,2,303.00,9372.01,4268.00,4498.00,606.00,16.41,3.00,0.00
280,2,344.00,9138.00,4160.00,4290.00,688.00,15.27,4.00,0.00
281,2,309.00,9200.90,4226.96,4355.95,617.99,14.21,3.00,0.00
282,2,315.00,9140.03,4174.02,4336.02,630.00,16.71,1.00,0.00
283,2,318.00,9274.97,4246.99,4391.99,636.00,13.95,1.00,0.00
284,2,315.00,9273.07,4243.03,4400.03,630.00,15.00,2.00,0.00
285,2,314.00,9256.98,4221.99,4406.99,628.00,15.83,0.00,0.00
286,2,329.00,9442.92,4289.97,4494.96,657.99,15.55,2.00,0.00
287,2,312.00,9270.99,4236.00,4411.00,624.00,14.46,1.00,0.00
288,2,334.00,9614.99,4388.00,4559.00,668.00,13.70,1.00,0.00
289,2,325.00,9048.99,4154.99,4243.99,650.00,15.55,1.00,0.00
290,2,298.00,8306.12,3774.05,3938.06,594.01,15.27,1.00,0.00
291,2,247.00,7381.00,3358.00,3527.00,496.00,15.00,0.00,0.00
292,2,351.00,9589.99,4369.00,4519.00,702.00,14.73,0.00,0.00
293,2,328.00,10148.04,4640.02,4852.02,656.00,15.27,3.00,0.00
294,2,369.00,10124.96,4597.98,4788.98,738.00,14.46,0.00,0.00
295,2,349.00,10001.00,4549.00,4754.00,698.00,15.55,0.00,0.00
296,2,338.00,9917.03,4520.01,4722.02,675.00,14.73,0.00,0.00
297,2,347.00,9819.98,4499.99,4624.99,695.00,12.75,1.00,0.00
298,2,344.00,10307.97,4732.99,4886.99,688.00,13.22,2.00,0.00
299,2,348.00,9838.00,4491.00,4651.00,696.00,13.70,2.00,0.00
300,2,368.00,10182.04,4666.02,4780.02,736.00,12.98,1.00,0.00
301,2,373.00,9911.98,4531.99,4633.99,746.00,12.52,1.00,0.00
302,2,335.00,9926.03,4505.01,4751.01,670.00,15.27,3.00,0.00
303,2,359.00,9797.92,4477.96,4601.96,717.99,12.98,1.00,0.00
304,2,373.00,9939.05,4537.02,4656.02,746.00,12.52,1.00,0.00
305,2,353.00,10017.06,4601.03,4710.03,706.00,12.75,1.00,0.00
306,2,318.00,9935.93,4562.97,4736.97,636.00,13.46,3.00,0.00
307,2,343.00,9577.97,4376.98,4514.98,686.00,15.00,3.00,0.00
308,2,327.00,9498.99,4319.99,4525.99,653.00,15.83,0.00,0.00
309,2,325.00,8907.06,4043.03,4215.03,649.00,15.27,1.00,0.00
310,2,248.00,7089.99,3223.99,3367.99,498.00,16.12,1.00,0.00
311,2,385.00,10328.08,4722.03,4836.04,770.01,12.30,3.00,0.00
312,2,360.00,9883.89,4521.95,4641.95,719.99,12.75,1.00,0.00
313,2,351.00,9268.01,4224.00,4342.00,702.00,14.21,1.00,0.00
314,2,312.00,8866.06,4061.03,4183.03,622.00,12.98,2.00,0.00
315,2,244.00,7040.03,3197.01,3353.01,490.00,15.83,3.00,0.00
316,2,342.98,9780.29,4425.68,4668.66,685.95,16.12,3.00,0.00
317,2,305.02,9419.58,4269.26,4540.28,610.04,16.71,3.00,0.00
318,2,381.00,10056.05,4572.02,4722.02,762.00,12.75,2.00,0.00
319,2,344.99,10059.70,4588.86,4780.86,689.98,12.75,0.00,0.00
320,2,357.01,10229.29,4666.13,4849.14,714.02,13.22,2.00,0.00
321,2,351.00,9953.95,4529.98,4721.98,702.00,12.75,0.00,0.00
322,2,334.99,10201.84,4674.93,4856.92,669.99,13.46,3.00,0.00
323,2,341.01,9954.20,4566.09,4706.10,682.01,13.46,2.00,0.00
324,2,377.00,10232.01,4700.00,4778.00,754.00,12.52,0.00,0.00
325,2,364.00,9668.03,4407.02,4533.02,728.00,13.22,3.00,0.00
326,2,375.00,10163.93,4641.97,4771.97,750.00,12.30,2.00,0.00
327,2,355.00,9399.95,4242.98,4448.98,708.00,15.00,2.00,0.00
328,2,244.00,7235.03,3279.01,3466.01,490.00,16.12,0.00,0.00
329,2,341.00,9842.99,4500.00,4663.00,680.00,12.75,2.00,0.00
330,2,247.00,7098.04,3235.02,3367.02,496.00,15.55,1.00,0.00
331,2,348.99,9067.84,4131.93,4239.93,695.99,12.98,2.00,0.00
332,2,261.00,7134.08,3223.04,3387.04,524.01,15.00,0.00,0.00
333,2,328.00,9721.10,4408.04,4657.05,656.01,15.55,2.00,0.00
334,2,379.94,10035.32,4555.24,4720.21,759.87,14.46,4.00,0.00
335,2,357.06,9928.70,4537.78,4676.80,714.12,13.46,2.00,0.00
336,2,344.99,10020.83,4581.92,4748.92,689.99,14.46,2.00,0.00
337,2,343.00,9324.11,4262.05,4376.05,686.01,13.95,2.00,0.00
338,2,338.99,9889.75,4508.88,4702.88,677.98,13.70,2.00,0.00
339,2,335.00,9409.94,4286.97,4452.97,670.00,16.41,2.00,0.00
340,2,345.00,9842.03,4506.02,4646.02,690.00,13.70,1.00,0.00
341,2,299.01,8865.29,4032.13,4235.14,598.02,16.71,3.00,0.00
342,2,323.00,9658.95,4408.98,4603.98,646.00,13.70,2.00,0.00
343,2,343.00,9367.01,4285.01,4396.01,686.00,13.22,0.00,0.00
344,2,340.99,10007.69,4592.86,4732.85,681.98,13.46,3.00,0.00
345,2,333.01,9636.27,4386.12,4584.13,666.02,16.12,1.00,0.00
346,2,331.00,9772.99,4445.00,4667.00,661.00,15.83,5.00,0.00
347,2,336.00,9582.04,4379.02,4532.02,671.00,13.95,3.00,0.00
348,2,250.00,6960.87,3173.94,3286.94,499.99,13.70,0.00,0.00
349,2,227.00,6877.05,3146.02,3276.02,455.00,15.83,0.00,0.00
350,2,330.01,9764.15,4441.07,4662.07,661.01,13.70,1.00,0.00
351,2,363.99,9757.85,4461.93,4567.93,727.99,12.75,2.00,0.00
352,2,349.00,9898.10,4510.05,4691.05,697.01,13.46,0.00,0.00
353,2,332.00,9252.02,4197.01,4390.01,665.00,15.83,1.00,0.00
354,2,237.00,6862.94,3137.97,3250.97,474.00,15.83,2.00,0.00
355,2,344.00,9796.09,4482.04,4626.04,688.01,13.95,1.00,0.00
356,2,347.00,9481.01,4310.00,4477.00,694.00,15.00,2.00,0.00
357,2,326.00,9730.95,4455.98,4622.98,652.00,13.46,2.00,0.00
358,2,323.00,9289.05,4249.02,4394.02,646.00,15.55,1.00,0.00
359,2,317.00,9428.86,4300.93,4493.93,633.99,14.73,3.00,0.00
360,2,322.00,9314.07,4253.03,4417.03,644.01,15.83,1.00,0.00
361,2,368.00,10259.06,4699.03,4824.03,736.00,12.08,0.00,0.00
362,2,356.00,9848.98,4481.99,4654.99,712.00,13.95,1.00,0.00
363,2,367.00,10183.98,4630.99,4818.99,734.00,14.21,2.00,0.00
364,2,332.00,9443.96,4322.98,4456.98,664.00,14.21,0.00,0.00
365,2,319.00,9122.95,4169.98,4314.98,638.00,15.00,3.00,0.00
366,2,325.00,9199.01,4207.00,4342.00,650.00,13.95,1.00,0.00
367,2,341.00,9545.13,4345.06,4518.06,682.01,15.00,2.00,0.00
368,2,260.00,7372.00,3357.00,3495.00,520.00,15.55,3.00,0.00
369,2,317.00,9439.90,4301.96,4503.95,633.99,17.01,2.00,0.00
370,2,361.00,9605.08,4379.04,4504.04,722.01,13.22,1.00,0.00
371,2,343.00,9548.93,4336.97,4525.97,686.00,16.12,1.00,0.00
372,2,328.00,9614.06,4375.03,4583.03,656.00,16.71,1.00,0.00
373,2,361.99,9897.84,4532.93,4640.93,723.99,12.52,1.00,0.00
374,2,343.00,9790.09,4481.04,4623.04,686.01,13.46,2.00,0.00
375,2,344.00,9131.94,4169.97,4273.97,688.00,13.95,2.00,0.00
376,2,323.00,9174.06,4199.03,4329.03,646.00,13.70,1.00,0.00
sysbench 1.1.0-50966c8 (using bundled LuaJIT 2.1.0-beta3)

Running the test with following options:
Number of threads: 2
Report intermediate results every 1 second(s)
Initializing random number generator from current time


Initializing worker threads...

Threads started!

1,2,7.98,272.38,124.72,125.72,21.95,977.74,0.00,0.00
2,2,362.21,9972.65,4556.58,4691.66,724.41,12.75,0.00,0.00
3,2,362.00,10442.10,4761.05,4957.05,724.01,12.52,1.00,0.00
4,2,358.00,10131.98,4617.99,4797.99,716.00,12.75,1.00,0.00
5,2,377.00,10236.05,4658.02,4824.02,754.00,12.75,0.00,0.00
6,2,380.00,9926.00,4526.00,4640.00,760.00,12.52,1.00,0.00
7,2,317.00,9461.98,4318.99,4508.99,634.00,16.41,4.00,0.00
8,2,15.00,400.00,181.00,189.00,30.00,960.30,0.00,0.00
9,2,353.00,9861.95,4494.98,4660.98,706.00,13.70,0.00,0.00
10,2,362.00,9837.06,4493.03,4620.03,724.00,12.98,2.00,0.00
11,2,347.89,10199.80,4666.54,4837.48,695.78,12.75,1.00,0.00
12,2,21.01,487.15,220.07,225.07,42.01,943.16,1.00,0.00
13,2,345.00,10023.00,4574.00,4759.00,690.00,15.55,3.00,0.00
14,2,363.00,9985.95,4548.98,4710.98,726.00,13.22,1.00,0.00
15,2,348.00,10199.03,4677.01,4826.01,696.00,12.52,3.00,0.00
16,2,374.00,10099.01,4619.01,4732.01,748.00,12.30,1.00,0.00
17,2,384.00,9879.99,4489.00,4623.00,768.00,12.98,3.00,0.00
18,2,352.00,10004.00,4584.00,4716.00,704.00,12.98,1.00,0.00
19,2,340.00,9954.96,4547.98,4726.98,680.00,12.98,1.00,0.00
20,2,324.00,10082.05,4609.02,4825.02,648.00,14.46,5.00,0.00
21,2,343.90,10381.09,4768.66,4924.62,687.81,12.30,1.00,0.00
22,2,325.09,9483.62,4305.19,4528.25,650.18,17.32,2.00,0.00
23,2,343.00,9819.01,4507.00,4626.00,686.00,12.75,2.00,0.00
24,2,345.00,9859.00,4479.00,4690.00,690.00,16.71,0.00,0.00
25,2,372.00,9890.05,4492.02,4654.02,744.00,13.46,3.00,0.00
26,2,341.00,9798.00,4474.00,4642.00,682.00,13.95,1.00,0.00
27,2,362.99,10131.79,4598.90,4806.90,725.99,15.55,0.00,0.00
28,2,28.00,876.02,403.01,417.01,56.00,909.80,0.00,0.00
29,2,336.00,9904.02,4518.01,4714.01,672.00,15.83,0.00,0.00
30,2,372.00,10599.95,4828.98,5026.98,744.00,12.30,1.00,0.00
31,2,373.99,10481.84,4752.93,4980.92,747.99,15.83,3.00,0.00
32,2,361.00,10237.98,4651.99,4863.99,722.00,12.75,1.00,0.00
33,2,375.01,10722.20,4946.09,5026.09,750.01,11.65,1.00,0.00
34,2,362.87,10319.44,4707.38,4886.31,725.75,12.98,5.00,0.00
35,2,358.13,10507.67,4802.68,4988.74,716.25,15.83,2.00,0.00
36,2,343.00,10376.91,4737.96,4952.96,685.99,16.12,4.00,0.00
37,2,364.93,9914.09,4513.13,4672.10,728.86,14.21,0.00,0.00
38,2,379.07,10370.92,4712.87,4898.91,759.14,12.75,1.00,0.00
39,2,348.01,10392.19,4743.09,4953.09,696.01,15.55,2.00,0.00
40,2,341.00,10277.01,4687.01,4908.01,682.00,16.41,4.00,0.00
41,2,49.00,1135.00,520.00,517.00,98.00,18.95,1.00,0.00
42,2,351.00,10477.93,4799.97,4975.96,702.00,12.08,1.00,0.00
43,2,359.00,10502.87,4774.94,5009.94,717.99,15.83,2.00,0.00
44,2,365.00,10551.12,4806.05,5015.06,730.01,12.30,0.00,0.00
45,2,356.00,10735.04,4920.02,5103.02,712.00,11.87,1.00,0.00
46,2,368.00,10295.96,4697.98,4861.98,736.00,12.52,2.00,0.00
47,2,382.00,10754.09,4906.04,5084.04,764.01,11.87,0.00,0.00
48,2,370.72,10533.02,4809.35,4982.22,741.44,12.52,1.00,0.00
49,2,366.28,10643.00,4854.65,5055.80,732.55,12.52,3.00,0.00
50,2,368.00,10540.97,4814.99,4989.99,736.00,12.75,4.00,0.00
51,2,385.00,10652.03,4865.01,5017.02,770.00,12.08,4.00,0.00
52,2,51.00,1488.00,674.00,712.00,102.00,16.41,0.00,0.00
53,2,406.00,10765.00,4902.00,5051.00,812.00,11.65,1.00,0.00
54,2,359.99,10747.85,4898.93,5128.93,719.99,15.55,1.00,0.00
55,2,348.00,10133.11,4603.05,4834.05,696.01,16.12,2.00,0.00
56,2,376.00,10583.03,4856.01,4975.02,752.00,12.08,2.00,0.00
57,2,374.00,10556.98,4819.99,4988.99,748.00,12.30,0.00,0.00
58,2,371.00,10209.00,4654.00,4813.00,742.00,11.87,0.00,0.00
59,2,374.00,10439.97,4765.99,4925.99,748.00,12.52,3.00,0.00
60,2,389.00,10638.05,4864.02,4996.02,778.00,12.30,1.00,0.00
61,2,387.00,10741.00,4894.00,5073.00,774.00,11.87,1.00,0.00
62,2,324.00,10087.98,4607.99,4831.99,648.00,13.95,2.00,0.00
63,2,345.99,10118.85,4604.93,4821.93,691.99,15.83,1.00,0.00
64,2,351.92,10415.51,4753.87,4957.82,703.83,12.52,0.00,0.00
65,2,387.10,10424.64,4733.20,4917.24,774.20,12.08,1.00,0.00
66,2,390.00,10734.96,4918.98,5035.98,780.00,11.87,1.00,0.00
67,2,404.00,10487.05,4773.03,4906.03,808.00,12.30,0.00,0.00
68,2,386.99,10484.86,4794.94,4915.93,773.99,12.08,3.00,0.00
69,2,354.00,10517.13,4808.06,5001.06,708.01,13.46,3.00,0.00
70,2,61.00,1921.00,860.00,939.00,122.00,17.32,0.00,0.00
71,2,321.00,9600.03,4370.01,4588.01,642.00,17.01,1.00,0.00
72,2,343.00,9886.99,4500.00,4701.00,686.00,16.71,2.00,0.00
73,2,346.95,9822.60,4482.36,4646.34,693.90,12.98,1.00,0.00
74,2,342.05,9837.37,4512.63,4640.65,684.10,12.98,2.00,0.00
75,2,366.00,10370.02,4740.01,4898.01,732.00,12.52,1.00,0.00
76,2,375.00,10652.96,4850.98,5051.98,750.00,11.87,1.00,0.00
77,2,348.00,9897.03,4508.02,4693.02,696.00,15.55,2.00,0.00
78,2,365.00,10293.92,4687.96,4876.96,728.99,15.55,2.00,0.00
79,2,380.00,10436.95,4751.98,4923.98,761.00,13.22,2.00,0.00
80,2,399.00,10798.12,4947.05,5053.05,798.01,11.87,1.00,0.00
81,2,363.00,9987.04,4554.02,4707.02,726.00,13.70,0.00,0.00
82,2,381.00,10496.99,4776.99,4957.99,762.00,11.87,3.00,0.00
83,2,373.00,10633.99,4855.00,5033.00,746.00,11.87,1.00,0.00
84,2,391.00,10488.89,4774.95,4932.95,780.99,11.87,2.00,0.00
85,2,374.00,10349.09,4690.04,4910.04,749.01,15.27,0.00,0.00
86,2,356.00,10184.04,4614.02,4858.02,712.00,15.00,1.00,0.00
87,2,374.94,10544.31,4834.23,4960.21,749.88,12.52,3.00,0.00
88,2,370.06,10547.67,4826.77,4980.79,740.12,12.08,1.00,0.00
89,2,380.00,10983.00,5024.00,5199.00,760.00,11.24,0.00,0.00
90,2,370.00,10945.01,4989.00,5216.00,740.00,14.73,2.00,0.00
91,2,382.00,10682.01,4840.01,5078.01,764.00,15.27,0.00,0.00
92,2,369.00,10789.98,4906.99,5144.99,738.00,15.00,2.00,0.00
93,2,364.00,10732.98,4884.99,5119.99,728.00,13.95,1.00,0.00
94,2,383.00,10747.01,4934.00,5047.00,766.00,11.87,2.00,0.00
95,2,368.00,10620.01,4831.00,5053.00,736.00,12.75,3.00,0.00
96,2,367.00,10614.00,4828.00,5052.00,734.00,16.12,0.00,0.00
97,2,369.00,10697.02,4870.01,5089.01,738.00,11.87,1.00,0.00
98,2,375.00,10660.88,4857.94,5052.94,749.99,12.30,1.00,0.00
99,2,382.00,10539.96,4785.98,4989.98,764.00,12.52,1.00,0.00
100,2,378.00,10888.97,4987.99,5144.99,756.00,11.65,2.00,0.00
101,2,370.01,10527.16,4815.07,4972.07,740.01,15.27,2.00,0.00
102,2,348.00,10305.99,4696.00,4914.00,696.00,15.27,0.00,0.00
103,2,377.00,10413.03,4720.01,4939.01,754.00,12.52,3.00,0.00
104,2,365.00,10770.02,4908.01,5132.01,730.00,12.52,1.00,0.00
105,2,390.00,10722.96,4878.98,5063.98,780.00,12.30,0.00,0.00
106,2,97.00,2745.99,1260.99,1290.99,194.00,12.30,1.00,0.00
107,2,370.00,10722.06,4864.03,5118.03,740.00,13.22,0.00,0.00
108,2,386.00,10738.92,4901.96,5064.96,771.99,11.65,1.00,0.00
109,2,382.00,10913.93,4996.97,5152.97,764.00,11.87,2.00,0.00
110,2,382.01,10898.15,4976.07,5158.07,764.01,12.08,1.00,0.00
111,2,403.94,10893.47,4974.30,5111.28,807.89,11.45,4.00,0.00
112,2,339.05,10238.45,4680.67,4879.69,678.10,16.12,0.00,0.00
113,2,373.00,10564.92,4823.96,4994.96,745.99,11.87,3.00,0.00
114,2,95.00,2729.98,1238.99,1300.99,190.00,16.71,0.00,0.00
115,2,365.00,10239.08,4652.03,4857.04,730.01,15.00,0.00,0.00
116,2,362.00,10781.06,4926.03,5131.03,724.00,15.27,0.00,0.00
117,2,382.00,10420.98,4765.99,4890.99,764.00,12.08,1.00,0.00
118,2,355.89,10238.94,4692.60,4835.56,710.79,12.52,4.00,0.00
119,2,348.10,10231.07,4675.40,4858.46,697.21,16.12,0.00,0.00
120,2,378.00,10366.01,4735.00,4875.01,756.00,12.08,2.00,0.00
121,2,377.00,10429.00,4771.00,4904.00,754.00,11.87,0.00,0.00
122,2,354.00,10120.00,4601.00,4811.00,708.00,13.70,0.00,0.00
123,2,333.00,10017.03,4591.02,4760.02,666.00,13.46,0.00,0.00
124,2,356.00,10395.94,4795.97,4887.97,712.00,12.30,3.00,0.00
125,2,345.00,10408.99,4757.00,4962.00,690.00,15.83,3.00,0.00
126,2,374.00,10252.00,4690.00,4814.00,748.00,12.30,1.00,0.00
127,2,342.00,10320.02,4717.01,4919.01,684.00,12.75,4.00,0.00
128,2,356.00,9262.90,4191.96,4358.95,711.99,15.27,2.00,0.00
129,2,365.00,10022.01,4553.01,4739.01,730.00,13.22,3.00,0.00
130,2,369.00,10022.91,4560.96,4723.96,737.99,12.75,1.00,0.00
131,2,336.00,10046.07,4559.03,4815.03,672.00,16.41,3.00,0.00
132,2,362.00,10162.09,4661.04,4777.04,724.01,12.30,1.00,0.00
133,2,372.00,10187.04,4656.02,4787.02,744.00,12.52,1.00,0.00
134,2,377.00,10329.97,4704.99,4870.99,754.00,14.46,1.00,0.00
135,2,376.00,10697.98,4862.99,5083.99,751.00,12.52,3.00,0.00
136,2,360.00,10526.01,4797.00,5008.00,721.00,14.73,1.00,0.00
137,2,370.00,10124.98,4585.99,4798.99,740.00,16.12,3.00,0.00
138,2,354.00,10172.03,4642.01,4822.01,708.00,12.98,1.00,0.00
139,2,374.00,10630.99,4859.00,5024.00,748.00,11.87,1.00,0.00
140,2,360.93,10762.87,4944.02,5096.99,721.86,11.87,2.00,0.00
141,2,408.08,10798.16,4939.99,5042.01,816.16,11.65,0.00,0.00
142,2,356.00,10357.01,4735.01,4910.01,712.00,13.22,2.00,0.00
143,2,110.00,3332.00,1521.00,1591.00,220.00,17.32,0.00,0.00
144,2,354.99,10258.83,4694.92,4853.92,709.99,12.98,0.00,0.00
145,2,372.01,10560.17,4783.08,5033.08,744.01,15.83,0.00,0.00
146,2,143.00,3791.00,1719.00,1786.00,286.00,15.27,1.00,0.00
147,2,385.99,10520.83,4776.92,4971.92,771.99,13.95,3.00,0.00
148,2,365.00,10110.09,4614.04,4766.04,730.01,15.27,3.00,0.00
149,2,384.00,10357.06,4725.03,4864.03,768.00,12.52,1.00,0.00
150,2,382.00,10991.99,5026.00,5202.00,764.00,11.45,1.00,0.00
151,2,377.00,10423.00,4747.00,4922.00,754.00,13.95,2.00,0.00
152,2,389.00,11018.92,5052.96,5187.96,777.99,11.87,4.00,0.00
153,2,373.00,10516.12,4802.05,4968.06,746.01,12.08,1.00,0.00
154,2,366.00,10780.99,4916.00,5132.99,732.00,15.27,1.00,0.00
155,2,157.00,4087.00,1866.00,1907.00,314.00,14.46,1.00,0.00
156,2,372.00,10520.97,4771.98,5004.98,744.00,16.12,3.00,0.00
157,2,379.00,10731.01,4898.01,5075.01,758.00,11.87,0.00,0.00
158,2,321.99,10108.82,4605.92,4858.91,643.99,17.01,1.00,0.00
159,2,360.01,10573.17,4806.08,5047.08,720.01,14.73,5.00,0.00
160,2,393.00,10890.02,4936.01,5168.01,786.00,11.65,2.00,0.00
161,2,380.00,11037.03,5024.02,5253.02,760.00,11.87,6.00,0.00
162,2,357.00,10100.99,4591.00,4796.00,714.00,13.22,0.00,0.00
163,2,375.00,10822.99,4936.99,5135.99,750.00,11.65,4.00,0.00
164,2,352.00,10505.00,4786.00,5015.00,704.00,15.55,4.00,0.00
165,2,377.00,10844.97,4945.99,5144.99,754.00,11.87,2.00,0.00
166,2,370.00,10826.01,4961.00,5125.00,740.00,12.52,3.00,0.00
167,2,350.00,10686.99,4861.99,5124.99,700.00,15.83,1.00,0.00
168,2,156.00,4435.95,2010.98,2112.98,312.00,15.83,0.00,0.00
169,2,352.00,10008.09,4563.04,4741.04,704.01,12.75,1.00,0.00
170,2,358.00,10355.04,4727.02,4912.02,716.00,12.75,0.00,0.00
171,2,339.00,10059.00,4555.00,4826.00,678.00,17.01,0.00,0.00
172,2,333.00,10057.97,4583.99,4807.99,666.00,15.27,2.00,0.00
173,2,348.00,9921.04,4522.02,4703.02,696.00,16.12,2.00,0.00
174,2,376.99,10165.86,4633.94,4777.93,753.99,12.75,1.00,0.00
175,2,371.00,10313.10,4740.04,4831.05,742.01,12.08,0.00,0.00
176,2,357.00,9674.90,4421.96,4538.95,713.99,13.70,0.00,0.00
177,2,358.96,9968.95,4508.53,4742.50,717.92,16.41,2.00,0.00
178,2,333.03,9814.02,4434.46,4713.49,666.07,17.01,0.00,0.00
179,2,346.00,10030.06,4585.03,4753.03,692.00,14.46,0.00,0.00
180,2,358.00,9839.05,4475.02,4648.02,716.00,14.21,2.00,0.00
181,2,379.00,10269.03,4700.01,4811.01,758.00,11.65,1.00,0.00
182,2,348.00,9468.96,4317.98,4454.98,696.00,13.70,1.00,0.00
183,2,371.00,9937.08,4555.04,4640.04,742.01,12.98,2.00,0.00
184,2,378.00,10292.94,4685.97,4850.97,756.00,12.75,1.00,0.00
185,2,388.00,10246.00,4653.00,4817.00,776.00,12.98,1.00,0.00
186,2,362.00,10326.95,4716.98,4885.98,724.00,12.75,1.00,0.00
187,2,343.95,10230.42,4665.28,4877.25,687.89,13.70,2.00,0.00
188,2,374.06,10177.60,4650.73,4778.75,748.12,12.52,2.00,0.00
189,2,336.00,10250.92,4661.96,4916.96,671.99,15.83,2.00,0.00
190,2,347.00,9923.08,4515.04,4714.04,694.01,16.12,2.00,0.00
191,2,344.00,10060.07,4603.03,4769.03,688.00,12.98,2.00,0.00
192,2,396.00,10085.96,4591.98,4701.98,792.00,12.52,3.00,0.00
193,2,380.00,10276.03,4676.01,4840.01,760.00,12.08,2.00,0.00
194,2,360.00,10222.01,4638.01,4864.01,720.00,12.98,1.00,0.00
195,2,362.00,10118.89,4633.95,4760.95,723.99,13.22,0.00,0.00
196,2,370.00,10369.04,4716.02,4913.02,740.00,12.30,3.00,0.00
197,2,348.00,10115.03,4599.01,4820.01,696.00,16.41,0.00,0.00
198,2,349.00,10058.92,4581.96,4779.96,696.99,15.27,4.00,0.00
199,2,386.00,10618.97,4837.99,5007.99,773.00,14.73,1.00,0.00
200,2,408.00,10786.07,4936.03,5034.03,816.01,11.87,2.00,0.00
201,2,386.00,10835.06,4927.03,5136.03,772.00,11.45,0.00,0.00
202,2,356.00,10643.88,4839.95,5091.94,711.99,15.55,4.00,0.00
203,2,200.00,5449.04,2493.02,2556.02,400.00,11.65,0.00,0.00
204,2,369.00,10495.98,4779.99,4977.99,738.00,15.55,1.00,0.00
205,2,392.00,10592.03,4785.01,5023.02,784.00,15.55,1.00,0.00
206,2,388.00,10696.02,4884.01,5036.01,776.00,11.87,0.00,0.00
207,2,342.00,10828.01,4972.01,5172.01,684.00,12.30,2.00,0.00
208,2,165.00,5185.00,2381.00,2474.00,330.00,15.83,2.00,0.00
209,2,388.00,10611.00,4847.00,4988.00,776.00,12.75,3.00,0.00
210,2,358.00,10516.02,4787.01,5013.01,716.00,12.75,0.00,0.00
211,2,384.00,10191.01,4626.00,4797.00,768.00,14.73,0.00,0.00
212,2,375.00,10689.96,4862.98,5076.98,750.00,11.65,0.00,0.00
213,2,363.00,10514.02,4811.01,4977.01,726.00,12.08,0.00,0.00
214,2,378.00,10883.99,4965.99,5161.99,756.00,12.08,1.00,0.00
215,2,356.00,10503.92,4783.96,5007.96,711.99,16.41,1.00,0.00
216,2,366.00,10795.03,4920.02,5143.02,732.00,14.73,0.00,0.00
217,2,389.00,10979.08,5023.04,5178.04,778.01,11.65,0.00,0.00
218,2,370.00,10687.98,4866.99,5080.99,740.00,12.75,1.00,0.00
219,2,374.00,10865.04,4959.02,5158.02,748.00,13.95,3.00,0.00
220,2,368.95,10843.44,4954.29,5151.26,737.89,11.87,1.00,0.00
221,2,374.05,10809.53,4935.70,5125.72,748.11,12.08,3.00,0.00
222,2,366.00,10736.00,4889.00,5115.00,732.00,15.55,3.00,0.00
223,2,379.00,10301.04,4672.02,4871.02,758.00,14.46,1.00,0.00
224,2,380.00,10917.99,5002.00,5156.00,760.00,11.87,0.00,0.00
225,2,194.00,5774.99,2639.00,2748.00,388.00,12.52,2.00,0.00
226,2,364.00,10386.96,4723.98,4934.98,728.00,15.00,3.00,0.00
227,2,397.00,10680.05,4839.02,5047.02,794.00,14.73,1.00,0.00
228,2,374.00,10508.87,4757.94,5002.94,747.99,15.00,1.00,0.00
229,2,389.00,10785.95,4908.98,5098.98,778.00,12.52,0.00,0.00
230,2,372.00,10760.14,4909.06,5107.06,744.01,12.98,2.00,0.00
231,2,315.00,9971.03,4500.01,4841.01,630.00,16.71,2.00,0.00
232,2,359.00,10430.01,4788.01,4924.01,718.00,12.52,3.00,0.00
233,2,391.00,10274.99,4649.00,4844.00,782.00,12.52,0.00,0.00
234,2,205.00,5979.00,2737.00,2832.00,410.00,12.75,1.00,0.00
235,2,365.98,9778.54,4466.79,4579.79,731.97,13.70,3.00,0.00
236,2,198.01,5852.23,2650.10,2806.11,396.02,17.01,0.00,0.00
237,2,365.00,10234.90,4659.95,4844.95,729.99,14.73,2.00,0.00
238,2,361.00,10355.01,4713.00,4921.00,721.00,15.00,2.00,0.00
239,2,367.00,10563.96,4829.98,4998.98,735.00,12.30,2.00,0.00
240,2,365.00,10237.04,4702.02,4805.02,730.00,12.75,4.00,0.00
FATAL: mysql_drv_query() returned error 1598 (Binary logging not possible. Message: Can't open file: './binlog.index' (errno: 1 - Operation not permitted), while rotating the binlog. Aborting the server) for query 'COMMIT'
FATAL: `thread_run' function failed: ./tpcc_run.lua:222: SQL error, errno = 1598, state = 'HY000': Binary logging not possible. Message: Can't open file: './binlog.index' (errno: 1 - Operation not permitted), while rotating the binlog. Aborting the server
241,1,76.00,2305.00,1059.00,1095.00,151.00,12.30,1.00,0.00
242,1,0.00,0.00,0.00,0.00,0.00,0.00,0.00,0.00
243,1,0.00,0.00,0.00,0.00,0.00,0.00,0.00,0.00
FATAL: mysql_drv_query() returned error 2013 (Lost connection to MySQL server during query) for query 'BEGIN'
FATAL: `thread_run' function failed: ./tpcc_run.lua:80: SQL error, errno = 2013, state = 'HY000': Lost connection to MySQL server during query
