sysbench 1.1.0-50966c8 (using bundled LuaJIT 2.1.0-beta3)

Running the test with following options:
Number of threads: 2
Report intermediate results every 1 second(s)
Initializing random number generator from current time


Initializing worker threads...

Threads started!

1,2,323.39,9385.35,4299.91,4432.66,652.77,14.46,1.00,0.00
2,2,351.08,9759.19,4457.00,4600.03,702.16,13.70,3.00,0.00
3,2,349.00,9937.94,4499.98,4739.97,698.00,15.27,2.00,0.00
4,2,367.00,10014.07,4548.03,4732.03,734.00,14.46,1.00,0.00
5,2,375.00,10010.88,4574.94,4685.94,749.99,13.46,0.00,0.00
6,2,378.00,10262.11,4690.05,4816.05,756.01,12.30,3.00,0.00
7,2,366.98,10721.56,4914.80,5072.79,733.97,11.65,2.00,0.00
8,2,372.01,10619.35,4812.16,5063.17,744.02,12.30,0.00,0.00
9,2,361.90,9522.26,4327.75,4470.71,723.79,14.46,0.00,0.00
10,2,355.10,10502.02,4797.38,4994.44,710.20,13.70,2.00,0.00
11,2,351.00,10002.09,4540.04,4760.04,702.01,13.46,2.00,0.00
12,2,334.92,10124.52,4614.87,4839.82,669.84,14.73,1.00,0.00
13,2,357.09,10518.61,4816.19,4988.24,714.18,12.75,1.00,0.00
14,2,379.00,10060.97,4600.99,4701.99,758.00,12.30,2.00,0.00
15,2,368.00,10243.99,4668.00,4840.00,736.00,12.75,0.00,0.00
16,2,379.00,10371.98,4729.99,4883.99,758.00,12.52,0.00,0.00
17,2,368.00,10259.00,4686.00,4837.00,736.00,12.75,1.00,0.00
18,2,342.00,10192.95,4661.98,4846.98,684.00,12.98,2.00,0.00
19,2,375.00,10263.03,4669.01,4844.01,750.00,12.30,2.00,0.00
20,2,366.00,10143.01,4607.01,4804.01,732.00,14.73,0.00,0.00
21,2,366.00,10220.93,4661.97,4826.97,732.00,13.22,0.00,0.00
22,2,356.00,9948.11,4525.05,4711.05,712.01,14.46,0.00,0.00
23,2,358.00,10062.91,4586.96,4759.96,715.99,14.46,0.00,0.00
24,2,347.93,9892.06,4504.12,4692.08,695.86,13.95,3.00,0.00
25,2,321.07,9969.05,4517.93,4808.99,642.13,15.83,2.00,0.00
26,2,360.00,10557.99,4819.00,5019.00,720.00,12.98,0.00,0.00
27,2,392.00,10678.00,4876.00,5018.00,784.00,11.87,0.00,0.00
28,2,351.00,10233.02,4656.01,4875.01,702.00,15.55,1.00,0.00
29,2,367.00,9916.99,4492.00,4691.00,734.00,15.27,0.00,0.00
30,2,371.00,9960.98,4516.99,4701.99,742.00,15.00,2.00,0.00
31,2,361.00,9416.01,4263.00,4431.00,722.00,15.27,2.00,0.00
32,2,341.00,10129.90,4607.95,4839.95,681.99,14.46,0.00,0.00
33,2,342.95,9910.45,4491.30,4733.26,685.89,14.73,0.00,0.00
34,2,357.06,10021.69,4569.77,4737.80,714.12,13.70,0.00,0.00
35,2,339.00,10029.97,4555.99,4795.99,678.00,14.73,1.00,0.00
36,2,390.00,10585.00,4793.00,5012.00,780.00,14.73,1.00,0.00
37,2,356.99,10612.64,4874.84,5023.83,713.98,12.08,2.00,0.00
38,2,330.94,10009.31,4568.23,4779.19,661.89,15.00,1.00,0.00
39,2,340.07,9798.00,4466.91,4650.95,680.14,14.21,1.00,0.00
40,2,373.00,10391.00,4766.00,4879.00,746.00,12.30,2.00,0.00
41,2,381.00,10384.01,4730.00,4892.00,762.00,12.52,1.00,0.00
42,2,354.00,10072.98,4567.99,4796.99,708.00,14.73,1.00,0.00
43,2,305.00,8508.97,3861.99,4036.99,610.00,12.98,5.00,0.00
44,2,335.00,10144.02,4624.01,4850.01,670.00,15.27,1.00,0.00
45,2,359.00,10131.97,4633.98,4779.98,718.00,12.75,0.00,0.00
46,2,357.00,10121.05,4646.02,4761.02,714.00,12.98,2.00,0.00
47,2,340.00,10069.00,4593.00,4796.00,680.00,16.12,1.00,0.00
48,2,371.00,10635.02,4872.01,5021.01,742.00,11.87,3.00,0.00
49,2,370.00,10597.97,4840.99,5016.99,740.00,12.08,1.00,0.00
50,2,368.00,10370.96,4698.98,4935.98,736.00,15.00,0.00,0.00
51,2,364.00,10107.04,4616.02,4763.02,728.00,12.30,1.00,0.00
52,2,371.00,10410.00,4738.00,4930.00,742.00,12.08,0.00,0.00
53,2,349.00,10502.98,4797.99,5006.99,698.00,14.46,0.00,0.00
54,2,342.93,10565.98,4803.08,5077.03,685.87,15.27,1.00,0.00
55,2,386.07,10095.87,4591.85,4731.87,772.14,12.30,1.00,0.00
56,2,397.00,10595.12,4830.05,4971.06,794.01,12.08,3.00,0.00
57,2,383.00,10909.91,5006.96,5136.96,765.99,12.08,5.00,0.00
58,2,376.00,10685.08,4874.04,5059.04,752.01,12.98,1.00,0.00
59,2,354.00,10275.00,4692.00,4875.00,708.00,14.21,3.00,0.00
60,2,364.00,10246.99,4651.99,4867.99,727.00,13.22,5.00,0.00
61,2,350.00,9884.03,4493.01,4690.01,701.00,14.21,1.00,0.00
62,2,359.00,10076.92,4616.96,4741.96,717.99,12.98,0.00,0.00
63,2,347.00,9605.03,4347.01,4564.01,694.00,15.27,1.00,0.00
64,2,340.94,9980.39,4531.27,4767.23,681.89,15.27,1.00,0.00
65,2,344.06,10469.69,4754.77,5026.81,688.11,14.46,0.00,0.00
66,2,367.00,10338.05,4720.02,4884.02,734.00,14.21,2.00,0.00
67,2,333.99,10226.57,4662.80,4895.79,667.97,14.46,1.00,0.00
68,2,373.02,10380.43,4752.20,4882.20,746.03,13.46,1.00,0.00
69,2,356.00,9742.97,4448.98,4581.98,712.00,13.70,1.00,0.00
70,2,347.00,10227.04,4629.02,4904.02,694.00,15.27,4.00,0.00
71,2,328.00,9848.94,4492.97,4699.97,656.00,15.55,1.00,0.00
72,2,329.00,10100.06,4616.03,4826.03,658.00,14.21,2.00,0.00
73,2,359.95,10210.69,4667.40,4823.38,719.91,12.75,3.00,0.00
74,2,345.04,9723.18,4431.54,4602.56,689.08,13.70,0.00,0.00
75,2,347.00,10194.99,4626.00,4874.00,695.00,15.55,1.00,0.00
76,2,333.00,9966.97,4548.99,4752.99,665.00,14.73,1.00,0.00
77,2,323.00,9941.95,4552.98,4741.98,647.00,14.21,1.00,0.00
78,2,373.00,10483.10,4792.05,4945.05,746.01,12.52,0.00,0.00
79,2,381.00,10403.00,4713.00,4928.00,762.00,14.21,0.00,0.00
80,2,402.00,10592.04,4842.02,4946.02,804.00,11.65,0.00,0.00
81,2,375.00,10688.95,4914.98,5023.98,750.00,11.87,2.00,0.00
82,2,366.99,10363.81,4739.91,4889.91,733.99,12.30,2.00,0.00
83,2,364.01,11032.19,5055.09,5249.09,728.01,11.87,3.00,0.00
84,2,381.00,10921.01,4980.01,5179.01,762.00,12.08,1.00,0.00
85,2,395.00,10955.99,4976.00,5190.00,790.00,12.08,1.00,0.00
86,2,404.00,10776.93,4920.97,5047.97,808.00,11.65,1.00,0.00
87,2,368.99,10600.81,4818.91,5043.91,737.99,13.22,1.00,0.00
88,2,383.01,10659.22,4836.10,5057.11,766.02,12.30,2.00,0.00
89,2,376.00,10552.98,4810.99,4989.99,752.00,12.52,2.00,0.00
90,2,341.00,10202.06,4675.03,4846.03,681.00,13.95,1.00,0.00
91,2,345.00,10095.05,4608.02,4796.02,691.00,14.46,1.00,0.00
92,2,352.00,10456.97,4808.99,4943.99,704.00,12.52,4.00,0.00
93,2,358.95,10208.65,4671.38,4819.36,717.91,14.21,2.00,0.00
94,2,374.05,10442.35,4776.62,4917.64,748.10,12.30,2.00,0.00
95,2,393.00,10953.01,5026.00,5141.00,786.00,11.87,1.00,0.00
96,2,362.00,10778.03,4883.01,5171.01,724.00,15.00,4.00,0.00
97,2,399.98,11047.48,5037.76,5209.75,799.96,12.08,2.00,0.00
98,2,368.01,10813.43,4923.20,5154.21,736.03,14.46,1.00,0.00
99,2,360.00,10780.01,4917.00,5144.00,719.00,12.08,1.00,0.00
100,2,356.00,10682.97,4859.99,5109.99,713.00,14.73,2.00,0.00
101,2,412.00,10708.08,4875.03,5009.04,824.01,11.45,5.00,0.00
102,2,388.00,10630.92,4838.96,5015.96,775.99,12.08,1.00,0.00
103,2,398.00,10792.09,4936.04,5060.04,796.01,11.65,1.00,0.00
104,2,356.92,10615.56,4862.88,5038.84,713.84,12.52,1.00,0.00
105,2,380.09,10789.49,4955.14,5074.17,760.18,11.65,4.00,0.00
106,2,393.00,10914.98,4985.99,5142.99,786.00,11.65,1.00,0.00
107,2,344.00,10444.01,4765.01,4991.01,688.00,14.46,1.00,0.00
108,2,389.00,10717.99,4867.99,5071.99,778.00,12.98,1.00,0.00
109,2,362.00,10722.97,4895.98,5102.98,724.00,12.75,1.00,0.00
110,2,342.00,10266.90,4675.96,4906.95,683.99,15.83,0.00,0.00
111,2,376.00,10763.01,4926.00,5085.00,752.00,11.87,0.00,0.00
112,2,363.00,10913.05,4976.02,5211.03,726.00,12.75,2.00,0.00
113,2,390.00,10611.03,4833.01,4998.01,780.00,12.52,0.00,0.00
114,2,371.00,10526.07,4805.03,4979.03,742.00,12.30,4.00,0.00
115,2,388.00,10854.02,4934.01,5144.01,776.00,11.87,1.00,0.00
116,2,369.91,10862.26,5002.74,5119.71,739.81,11.65,0.00,0.00
117,2,373.09,10694.67,4914.23,5034.26,746.19,12.08,2.00,0.00
118,2,368.00,10686.02,4862.01,5088.01,736.00,13.22,3.00,0.00
119,2,401.00,10682.98,4883.99,4996.99,802.00,11.87,0.00,0.00
120,2,398.00,10891.01,4955.00,5140.00,796.00,12.08,1.00,0.00
121,2,405.00,10936.00,4965.00,5161.00,810.00,13.70,0.00,0.00
122,2,371.00,10600.01,4812.00,5046.00,742.00,14.21,1.00,0.00
123,2,358.00,10536.90,4812.95,5007.95,715.99,12.52,2.00,0.00
124,2,384.00,10185.08,4678.04,4739.04,768.01,12.75,1.00,0.00
125,2,380.00,10423.95,4764.98,4898.98,760.00,12.52,1.00,0.00
126,2,372.00,10382.03,4735.01,4903.01,744.00,12.52,3.00,0.00
127,2,337.99,10005.62,4571.83,4757.82,675.97,14.46,1.00,0.00
128,2,346.01,10043.42,4571.19,4780.20,692.03,14.73,1.00,0.00
129,2,353.00,9930.02,4540.01,4684.01,706.00,13.70,2.00,0.00
130,2,354.00,10109.97,4596.99,4804.99,708.00,15.27,1.00,0.00
131,2,328.00,9922.98,4515.99,4750.99,656.00,15.27,3.00,0.00
132,2,365.00,10483.00,4800.00,4953.00,730.00,12.52,4.00,0.00
133,2,378.00,10449.02,4751.01,4942.01,756.00,13.22,1.00,0.00
134,2,351.00,10157.03,4640.01,4815.01,702.00,14.21,3.00,0.00
135,2,358.00,10140.99,4618.00,4806.99,716.00,13.46,0.00,0.00
136,2,365.00,10224.97,4667.99,4826.99,730.00,12.98,3.00,0.00
137,2,335.00,9835.04,4488.02,4677.02,670.00,14.46,2.00,0.00
138,2,350.00,9888.98,4492.99,4695.99,700.00,15.00,0.00,0.00
139,2,378.00,10884.01,4973.01,5155.01,756.00,12.30,3.00,0.00
140,2,377.00,11034.00,5039.00,5241.00,754.00,12.08,3.00,0.00
141,2,356.00,10162.98,4611.99,4838.99,712.00,14.73,2.00,0.00
142,2,382.00,10924.98,4994.99,5166.99,763.00,12.08,3.00,0.00
143,2,381.91,10747.52,4914.86,5067.83,764.82,12.30,2.00,0.00
144,2,395.09,10972.46,5008.12,5174.16,790.18,11.87,2.00,0.00
145,2,367.00,10498.99,4816.99,4947.99,734.00,13.70,1.00,0.00
146,2,360.00,10846.12,4929.05,5197.06,720.01,14.73,1.00,0.00
147,2,389.00,10893.88,4970.95,5144.94,777.99,12.08,4.00,0.00
148,2,381.00,10964.11,5009.05,5193.05,762.01,12.30,1.00,0.00
149,2,359.00,10942.98,5000.99,5223.99,718.00,14.21,5.00,0.00
150,2,383.00,10754.97,4909.99,5078.99,766.00,12.30,0.00,0.00
151,2,390.00,10839.00,4945.00,5114.00,780.00,11.45,1.00,0.00
152,2,385.00,10676.02,4877.01,5029.01,770.00,12.08,4.00,0.00
153,2,393.00,10261.99,4680.99,4794.99,786.00,12.30,1.00,0.00
154,2,392.00,10809.05,4939.02,5086.02,784.00,12.30,3.00,0.00
155,2,386.00,11067.97,5044.99,5250.99,772.00,11.87,0.00,0.00
156,2,381.00,10934.91,4977.96,5194.96,761.99,12.30,1.00,0.00
157,2,384.99,11124.66,5095.84,5258.84,769.98,11.45,3.00,0.00
158,2,385.01,10697.33,4861.15,5066.16,770.02,12.75,1.00,0.00
159,2,422.00,10827.02,4976.01,5007.01,844.00,11.24,3.00,0.00
160,2,362.00,11045.07,5048.03,5273.03,724.00,12.52,1.00,0.00
161,2,356.00,10652.96,4840.98,5099.98,712.00,15.55,2.00,0.00
162,2,365.91,10482.53,4780.87,4969.83,731.83,13.22,1.00,0.00
163,2,394.09,10789.57,4919.17,5082.21,788.19,12.75,1.00,0.00
164,2,376.00,10710.93,4892.97,5065.97,752.00,11.87,2.00,0.00
165,2,378.00,11101.02,5059.01,5286.01,756.00,13.95,0.00,0.00
166,2,349.00,10847.99,4934.00,5216.00,698.00,15.00,1.00,0.00
167,2,380.00,10718.92,4897.96,5060.96,759.99,12.30,5.00,0.00
168,2,406.00,10712.08,4891.04,5009.04,812.01,11.87,2.00,0.00
169,2,397.00,10733.06,4887.03,5052.03,794.00,11.87,0.00,0.00
170,2,373.00,10990.04,5032.02,5212.02,746.00,11.65,1.00,0.00
171,2,391.00,10841.95,4967.98,5091.98,782.00,11.65,1.00,0.00
172,2,353.00,10784.02,4946.01,5132.01,706.00,12.08,2.00,0.00
173,2,389.00,10525.94,4813.97,4934.97,777.00,12.08,1.00,0.00
174,2,354.00,10221.05,4648.02,4864.02,709.00,15.00,3.00,0.00
175,2,346.00,9960.92,4538.96,4729.96,691.99,15.00,2.00,0.00
176,2,362.00,10177.11,4624.05,4829.05,724.01,14.21,2.00,0.00
177,2,360.87,10478.28,4757.31,4999.23,721.74,15.83,3.00,0.00
178,2,347.12,9851.40,4512.56,4644.60,694.24,13.70,0.00,0.00
179,2,371.00,10014.02,4581.01,4691.01,742.00,13.70,2.00,0.00
180,2,404.00,10858.08,4962.04,5088.04,808.01,11.87,3.00,0.00
181,2,362.00,10537.95,4832.98,4980.98,724.00,12.30,5.00,0.00
182,2,389.00,10520.01,4802.00,4940.00,778.00,12.75,3.00,0.00
183,2,373.00,10775.92,4910.96,5118.96,745.99,13.70,4.00,0.00
184,2,377.00,10244.11,4679.05,4811.05,754.01,12.98,1.00,0.00
185,2,390.00,10742.97,4904.98,5057.98,780.00,12.08,1.00,0.00
186,2,372.00,10708.93,4893.97,5070.97,744.00,12.08,4.00,0.00
187,2,386.99,10551.64,4808.84,4968.83,773.97,12.52,1.00,0.00
188,2,399.02,10555.50,4834.23,4923.23,798.04,11.87,4.00,0.00
189,2,365.00,10682.98,4896.99,5055.99,730.00,12.08,4.00,0.00
190,2,373.00,10350.98,4724.99,4879.99,746.00,12.75,0.00,0.00
191,2,374.00,10313.96,4716.98,4848.98,748.00,12.75,3.00,0.00
192,2,359.00,10652.95,4865.98,5068.98,718.00,12.08,0.00,0.00
193,2,364.00,10491.06,4794.03,4969.03,728.00,12.75,3.00,0.00
